11/27/2019 14:46:40
LT: 307.81

0.5000	  1722	0.3000	     0
0.5093	  1863	0.3017	     0
0.5186	  1897	0.3033	     0
0.5278	  2040	0.3050	     0
0.5371	  2160	0.3066	     0
0.5464	  2359	0.3083	     0
0.5557	  2460	0.3100	     0
0.5649	  2593	0.3116	     0
0.5742	  2668	0.3133	     0
0.5835	  2533	0.3149	     0
0.5928	  2571	0.3166	     0
0.6021	  2471	0.3183	     0
0.6113	  2435	0.3199	     0
0.6206	  2311	0.3216	     0
0.6299	  2241	0.3232	     0
0.6392	  2172	0.3249	     0
0.6484	  2163	0.3266	     0
0.6577	  2126	0.3282	     0
0.6670	  2152	0.3299	     0
0.6763	  2062	0.3315	     0
0.6855	  2074	0.3332	     1
0.6948	  2030	0.3349	     0
0.7041	  2036	0.3365	     3
0.7134	  1863	0.3382	     1
0.7227	  1943	0.3398	     0
0.7319	  1891	0.3415	     0
0.7412	  1916	0.3432	     0
0.7505	  1896	0.3448	     0
0.7598	  1989	0.3465	     1
0.7690	  1860	0.3481	     0
0.7783	  1919	0.3498	     0
0.7876	  1915	0.3515	     1
0.7969	  1929	0.3531	     0
0.8062	  1926	0.3548	     1
0.8154	  1930	0.3564	     0
0.8247	  1930	0.3581	     0
0.8340	  1952	0.3598	     0
0.8433	  1956	0.3614	     0
0.8525	  2004	0.3631	     1
0.8618	  1986	0.3647	     0
0.8711	  2014	0.3664	     0
0.8804	  1980	0.3681	     0
0.8896	  2008	0.3697	     2
0.8989	  1957	0.3714	     0
0.9082	  2003	0.3730	     0
0.9175	  1991	0.3747	     0
0.9268	  1981	0.3764	     0
0.9360	  2034	0.3780	     2
0.9453	  2045	0.3797	     1
0.9546	  2069	0.3813	     0
0.9639	  1964	0.3830	     0
0.9731	  1970	0.3847	     0
0.9824	  2055	0.3863	     0
0.9917	  2049	0.3880	     0
1.0010	  2064	0.3896	     1
1.0103	  1973	0.3913	     0
1.0195	  2028	0.3930	     1
1.0288	  2021	0.3946	     0
1.0381	  1968	0.3963	     0
1.0474	  1984	0.3979	     0
1.0566	  2024	0.3996	     1
1.0659	  2022	0.4013	     0
1.0752	  2060	0.4029	     0
1.0845	  2027	0.4046	     1
1.0938	  2047	0.4063	     0
1.1030	  2069	0.4079	     0
1.1123	  2032	0.4096	     0
1.1216	  2001	0.4112	     0
1.1309	  2113	0.4129	     0
1.1401	  2078	0.4146	     0
1.1494	  2086	0.4162	     0
1.1587	  1983	0.4179	     1
1.1680	  2025	0.4195	     0
1.1772	  2056	0.4212	     0
1.1865	  2084	0.4229	     1
1.1958	  2056	0.4245	     1
1.2051	  2005	0.4262	     0
1.2144	  2034	0.4278	     2
1.2236	  2101	0.4295	     0
1.2329	  2170	0.4312	     0
1.2422	  2103	0.4328	     0
1.2515	  2032	0.4345	     1
1.2607	  2126	0.4361	     0
1.2700	  2038	0.4378	     0
1.2793	  2006	0.4395	     0
1.2886	  2081	0.4411	     0
1.2979	  2087	0.4428	     1
1.3071	  2090	0.4444	     0
1.3164	  2086	0.4461	     0
1.3257	  2150	0.4478	     0
1.3350	  2086	0.4494	     0
1.3442	  2150	0.4511	     0
1.3535	  2196	0.4527	     0
1.3628	  2148	0.4544	     1
1.3721	  2262	0.4561	     1
1.3813	  2184	0.4577	     0
1.3906	  2079	0.4594	     0
1.3999	  2230	0.4610	     2
1.4092	  2237	0.4627	     1
1.4185	  2187	0.4644	     0
1.4277	  2259	0.4660	     0
1.4370	  2405	0.4677	     1
1.4463	  2287	0.4693	     0
1.4556	  2281	0.4710	     1
1.4648	  2424	0.4727	     0
1.4741	  2387	0.4743	     0
1.4834	  2442	0.4760	     1
1.4927	  2475	0.4776	     0
1.5020	  2548	0.4793	     0
1.5112	  2474	0.4810	     0
1.5205	  2563	0.4826	     0
1.5298	  2527	0.4843	     1
1.5391	  2615	0.4859	     0
1.5483	  2685	0.4876	     1
1.5576	  2514	0.4893	     2
1.5669	  2591	0.4909	     0
1.5762	  2573	0.4926	     1
1.5854	  2602	0.4942	     0
1.5947	  2564	0.4959	     0
1.6040	  2568	0.4976	     0
1.6133	  2503	0.4992	     1
1.6226	  2458	0.5009	     1
1.6318	  2513	0.5025	     0
1.6411	  2461	0.5042	     0
1.6504	  2411	0.5059	     0
1.6597	  2384	0.5075	     0
1.6689	  2320	0.5092	     0
1.6782	  2338	0.5108	     1
1.6875	  2255	0.5125	     1
1.6968	  2259	0.5142	     0
1.7061	  2196	0.5158	     0
1.7153	  2155	0.5175	     0
1.7246	  2118	0.5191	     0
1.7339	  2082	0.5208	     0
1.7432	  2082	0.5225	     1
1.7524	  2098	0.5241	     0
1.7617	  1945	0.5258	     0
1.7710	  1987	0.5274	     0
1.7803	  2012	0.5291	     1
1.7896	  2005	0.5308	     0
1.7988	  1903	0.5324	     0
1.8081	  1915	0.5341	     1
1.8174	  1835	0.5357	     0
1.8267	  1793	0.5374	     0
1.8359	  1798	0.5391	     0
1.8452	  1796	0.5407	     1
1.8545	  1803	0.5424	     1
1.8638	  1829	0.5440	     1
1.8730	  1773	0.5457	     0
1.8823	  1743	0.5474	     0
1.8916	  1753	0.5490	     0
1.9009	  1811	0.5507	     1
1.9102	  1795	0.5523	     0
1.9194	  1748	0.5540	     0
1.9287	  1683	0.5557	     0
1.9380	  1686	0.5573	     1
1.9473	  1751	0.5590	     0
1.9565	  1695	0.5606	     1
1.9658	  1733	0.5623	     0
1.9751	  1605	0.5640	     0
1.9844	  1660	0.5656	     0
1.9937	  1685	0.5673	     0
2.0029	  1697	0.5689	     1
2.0122	  1728	0.5706	     1
2.0215	  1614	0.5723	     1
2.0308	  1681	0.5739	     1
2.0400	  1662	0.5756	     1
2.0493	  1639	0.5772	     1
2.0586	  1604	0.5789	     0
2.0679	  1620	0.5806	     2
2.0771	  1631	0.5822	     0
2.0864	  1658	0.5839	     1
2.0957	  1596	0.5855	     2
2.1050	  1574	0.5872	     1
2.1143	  1603	0.5889	     0
2.1235	  1611	0.5905	     0
2.1328	  1602	0.5922	     0
2.1421	  1596	0.5938	     0
2.1514	  1517	0.5955	     0
2.1606	  1576	0.5972	     0
2.1699	  1601	0.5988	     0
2.1792	  1541	0.6005	     2
2.1885	  1623	0.6021	     0
2.1978	  1582	0.6038	     0
2.2070	  1557	0.6055	     0
2.2163	  1540	0.6071	     0
2.2256	  1499	0.6088	     0
2.2349	  1544	0.6104	     0
2.2441	  1520	0.6121	     0
2.2534	  1512	0.6138	     0
2.2627	  1552	0.6154	     1
2.2720	  1484	0.6171	     1
2.2813	  1477	0.6187	     0
2.2905	  1447	0.6204	     0
2.2998	  1471	0.6221	     0
2.3091	  1437	0.6237	     1
2.3184	  1446	0.6254	     1
2.3276	  1462	0.6271	     0
2.3369	  1398	0.6287	     0
2.3462	  1462	0.6304	     0
2.3555	  1458	0.6320	     0
2.3647	  1465	0.6337	     2
2.3740	  1495	0.6354	     1
2.3833	  1478	0.6370	     0
2.3926	  1439	0.6387	     0
2.4019	  1502	0.6403	     1
2.4111	  1511	0.6420	     0
2.4204	  1490	0.6437	     1
2.4297	  1440	0.6453	     0
2.4390	  1503	0.6470	     0
2.4482	  1456	0.6486	     0
2.4575	  1452	0.6503	     0
2.4668	  1502	0.6520	     1
2.4761	  1412	0.6536	     0
2.4854	  1437	0.6553	     0
2.4946	  1425	0.6569	     1
2.5039	  1455	0.6586	     0
2.5132	  1372	0.6603	     0
2.5225	  1374	0.6619	     0
2.5317	  1438	0.6636	     0
2.5410	  1421	0.6652	     1
2.5503	  1370	0.6669	     0
2.5596	  1384	0.6686	     1
2.5688	  1505	0.6702	     0
2.5781	  1413	0.6719	     0
2.5874	  1431	0.6735	     0
2.5967	  1492	0.6752	     0
2.6060	  1381	0.6769	     0
2.6152	  1486	0.6785	     0
2.6245	  1332	0.6802	     0
2.6338	  1403	0.6818	     0
2.6431	  1472	0.6835	     1
2.6523	  1342	0.6852	     0
2.6616	  1427	0.6868	     0
2.6709	  1335	0.6885	     2
2.6802	  1389	0.6901	     1
2.6895	  1341	0.6918	     1
2.6987	  1399	0.6935	     0
2.7080	  1438	0.6951	     1
2.7173	  1380	0.6968	     0
2.7266	  1346	0.6984	     0
2.7358	  1340	0.7001	     0
2.7451	  1470	0.7018	     0
2.7544	  1412	0.7034	     0
2.7637	  1341	0.7051	     0
2.7729	  1323	0.7067	     0
2.7822	  1382	0.7084	     1
2.7915	  1367	0.7101	     0
2.8008	  1355	0.7117	     0
2.8101	  1400	0.7134	     0
2.8193	  1325	0.7150	     1
2.8286	  1424	0.7167	     0
2.8379	  1348	0.7184	     0
2.8472	  1413	0.7200	     0
2.8564	  1385	0.7217	     0
2.8657	  1378	0.7233	     0
2.8750	  1432	0.7250	     0
2.8843	  1357	0.7267	     0
2.8936	  1391	0.7283	     1
2.9028	  1384	0.7300	     4
2.9121	  1392	0.7316	     0
2.9214	  1361	0.7333	     0
2.9307	  1354	0.7350	     0
2.9399	  1353	0.7366	     0
2.9492	  1328	0.7383	     0
2.9585	  1406	0.7399	     0
2.9678	  1330	0.7416	     2
2.9771	  1417	0.7433	     0
2.9863	  1319	0.7449	     0
2.9956	  1412	0.7466	     0
3.0049	  1305	0.7482	     1
3.0142	  1361	0.7499	     0
3.0234	  1366	0.7516	     0
3.0327	  1423	0.7532	     0
3.0420	  1367	0.7549	     0
3.0513	  1402	0.7565	     0
3.0605	  1347	0.7582	     0
3.0698	  1311	0.7599	     1
3.0791	  1420	0.7615	     0
3.0884	  1376	0.7632	     0
3.0977	  1339	0.7648	     0
3.1069	  1403	0.7665	     0
3.1162	  1378	0.7682	     0
3.1255	  1413	0.7698	     0
3.1348	  1354	0.7715	     0
3.1440	  1370	0.7731	     1
3.1533	  1313	0.7748	     0
3.1626	  1417	0.7765	     1
3.1719	  1373	0.7781	     1
3.1812	  1414	0.7798	     0
3.1904	  1440	0.7814	     0
3.1997	  1380	0.7831	     0
3.2090	  1360	0.7848	     0
3.2183	  1378	0.7864	     1
3.2275	  1360	0.7881	     0
3.2368	  1320	0.7897	     0
3.2461	  1388	0.7914	     1
3.2554	  1385	0.7931	     1
3.2646	  1363	0.7947	     0
3.2739	  1359	0.7964	     0
3.2832	  1333	0.7980	     0
3.2925	  1365	0.7997	     1
3.3018	  1275	0.8014	     0
3.3110	  1377	0.8030	     0
3.3203	  1374	0.8047	     0
3.3296	  1366	0.8063	     0
3.3389	  1480	0.8080	     0
3.3481	  1318	0.8097	     0
3.3574	  1346	0.8113	     0
3.3667	  1369	0.8130	     0
3.3760	  1367	0.8146	     0
3.3853	  1402	0.8163	     0
3.3945	  1361	0.8180	     0
3.4038	  1396	0.8196	     0
3.4131	  1417	0.8213	     0
3.4224	  1385	0.8229	     0
3.4316	  1466	0.8246	     0
3.4409	  1391	0.8263	     0
3.4502	  1357	0.8279	     0
3.4595	  1369	0.8296	     0
3.4688	  1410	0.8313	     1
3.4780	  1375	0.8329	     0
3.4873	  1385	0.8346	     0
3.4966	  1358	0.8362	     0
3.5059	  1414	0.8379	     2
3.5151	  1422	0.8396	     0
3.5244	  1398	0.8412	     0
3.5337	  1384	0.8429	     0
3.5430	  1481	0.8445	     0
3.5522	  1525	0.8462	     0
3.5615	  1374	0.8479	     1
3.5708	  1381	0.8495	     0
3.5801	  1377	0.8512	     0
3.5894	  1373	0.8528	     0
3.5986	  1464	0.8545	     0
3.6079	  1364	0.8562	     0
3.6172	  1428	0.8578	     0
3.6265	  1463	0.8595	     0
3.6357	  1370	0.8611	     0
3.6450	  1405	0.8628	     0
3.6543	  1468	0.8645	     0
3.6636	  1412	0.8661	     0
3.6729	  1408	0.8678	     0
3.6821	  1417	0.8694	     0
3.6914	  1439	0.8711	     0
3.7007	  1359	0.8728	     1
3.7100	  1376	0.8744	     1
3.7192	  1439	0.8761	     0
3.7285	  1386	0.8777	     0
3.7378	  1430	0.8794	     0
3.7471	  1392	0.8811	     0
3.7563	  1388	0.8827	     0
3.7656	  1388	0.8844	     0
3.7749	  1401	0.8860	     0
3.7842	  1447	0.8877	     0
3.7935	  1374	0.8894	     0
3.8027	  1346	0.8910	     1
3.8120	  1392	0.8927	     0
3.8213	  1337	0.8943	     0
3.8306	  1439	0.8960	     0
3.8398	  1370	0.8977	     0
3.8491	  1391	0.8993	     0
3.8584	  1444	0.9010	     0
3.8677	  1412	0.9026	     0
3.8770	  1395	0.9043	     0
3.8862	  1357	0.9060	     0
3.8955	  1366	0.9076	     1
3.9048	  1404	0.9093	     0
3.9141	  1392	0.9109	     0
3.9233	  1366	0.9126	     0
3.9326	  1394	0.9143	     0
3.9419	  1331	0.9159	     0
3.9512	  1392	0.9176	     0
3.9604	  1403	0.9192	     0
3.9697	  1320	0.9209	     0
3.9790	  1344	0.9226	     0
3.9883	  1366	0.9242	     0
3.9976	  1373	0.9259	     0
4.0068	  1412	0.9275	     0
4.0161	  1347	0.9292	     0
4.0254	  1389	0.9309	     0
4.0347	  1372	0.9325	     0
4.0439	  1361	0.9342	     0
4.0532	  1339	0.9358	     0
4.0625	  1397	0.9375	     2
4.0718	  1336	0.9392	     0
4.0811	  1356	0.9408	     0
4.0903	  1316	0.9425	     0
4.0996	  1322	0.9441	     0
4.1089	  1309	0.9458	     0
4.1182	  1395	0.9475	     1
4.1274	  1347	0.9491	     0
4.1367	  1408	0.9508	     0
4.1460	  1440	0.9524	     0
4.1553	  1370	0.9541	     0
4.1646	  1404	0.9558	     0
4.1738	  1309	0.9574	     1
4.1831	  1470	0.9591	     0
4.1924	  1367	0.9607	     2
4.2017	  1437	0.9624	     0
4.2109	  1423	0.9641	     1
4.2202	  1390	0.9657	     0
4.2295	  1364	0.9674	     0
4.2388	  1404	0.9690	     0
4.2480	  1428	0.9707	     0
4.2573	  1419	0.9724	     0
4.2666	  1372	0.9740	     2
4.2759	  1433	0.9757	     0
4.2852	  1422	0.9773	     1
4.2944	  1398	0.9790	     1
4.3037	  1377	0.9807	     1
4.3130	  1355	0.9823	     0
4.3223	  1432	0.9840	     0
4.3315	  1406	0.9856	     0
4.3408	  1439	0.9873	     0
4.3501	  1384	0.9890	     2
4.3594	  1400	0.9906	     0
4.3687	  1426	0.9923	     0
4.3779	  1459	0.9939	     0
4.3872	  1406	0.9956	     1
4.3965	  1379	0.9973	     0
4.4058	  1503	0.9989	     1
4.4150	  1368	1.0006	     0
4.4243	  1385	1.0022	     1
4.4336	  1440	1.0039	     0
4.4429	  1394	1.0056	     0
4.4521	  1370	1.0072	     0
4.4614	  1391	1.0089	     0
4.4707	  1372	1.0105	     0
4.4800	  1405	1.0122	     1
4.4893	  1433	1.0139	     0
4.4985	  1401	1.0155	     0
4.5078	  1456	1.0172	     0
4.5171	  1396	1.0188	     1
4.5264	  1416	1.0205	     1
4.5356	  1413	1.0222	     0
4.5449	  1374	1.0238	     1
4.5542	  1420	1.0255	     0
4.5635	  1363	1.0271	     0
4.5728	  1386	1.0288	     0
4.5820	  1425	1.0305	     0
4.5913	  1399	1.0321	     0
4.6006	  1432	1.0338	     0
4.6099	  1472	1.0354	     0
4.6191	  1479	1.0371	     0
4.6284	  1387	1.0388	     0
4.6377	  1403	1.0404	     0
4.6470	  1454	1.0421	     0
4.6563	  1420	1.0438	     1
4.6655	  1337	1.0454	     0
4.6748	  1359	1.0471	     2
4.6841	  1373	1.0487	     0
4.6934	  1398	1.0504	     0
4.7026	  1459	1.0521	     1
4.7119	  1453	1.0537	     0
4.7212	  1397	1.0554	     0
4.7305	  1409	1.0570	     0
4.7397	  1479	1.0587	     0
4.7490	  1438	1.0604	     1
4.7583	  1473	1.0620	     0
4.7676	  1420	1.0637	     0
4.7769	  1432	1.0653	     0
4.7861	  1414	1.0670	     0
4.7954	  1347	1.0687	     0
4.8047	  1491	1.0703	     0
4.8140	  1454	1.0720	     0
4.8232	  1445	1.0736	     0
4.8325	  1446	1.0753	     0
4.8418	  1498	1.0770	     1
4.8511	  1333	1.0786	     0
4.8604	  1441	1.0803	     0
4.8696	  1480	1.0819	     0
4.8789	  1425	1.0836	     0
4.8882	  1485	1.0853	     1
4.8975	  1538	1.0869	     1
4.9067	  1420	1.0886	     0
4.9160	  1490	1.0902	     0
4.9253	  1418	1.0919	     0
4.9346	  1448	1.0936	     0
4.9438	  1401	1.0952	     0
4.9531	  1411	1.0969	     0
4.9624	  1440	1.0985	     1
4.9717	  1505	1.1002	     0
4.9810	  1505	1.1019	     0
4.9902	  1448	1.1035	     1
4.9995	  1441	1.1052	     1
5.0088	  1515	1.1068	     0
5.0181	  1497	1.1085	     0
5.0273	  1445	1.1102	     0
5.0366	  1517	1.1118	     0
5.0459	  1444	1.1135	     2
5.0552	  1481	1.1151	     1
5.0645	  1406	1.1168	     0
5.0737	  1524	1.1185	     0
5.0830	  1464	1.1201	     1
5.0923	  1487	1.1218	     1
5.1016	  1466	1.1234	     0
5.1108	  1481	1.1251	     0
5.1201	  1561	1.1268	     0
5.1294	  1489	1.1284	     0
5.1387	  1463	1.1301	     0
5.1479	  1512	1.1317	     0
5.1572	  1513	1.1334	     0
5.1665	  1443	1.1351	     0
5.1758	  1545	1.1367	     0
5.1851	  1570	1.1384	     0
5.1943	  1517	1.1400	     0
5.2036	  1554	1.1417	     0
5.2129	  1529	1.1434	     0
5.2222	  1469	1.1450	     0
5.2314	  1522	1.1467	     0
5.2407	  1502	1.1483	     0
5.2500	  1473	1.1500	     0
5.2593	  1548	1.1517	     3
5.2686	  1542	1.1533	     0
5.2778	  1477	1.1550	     0
5.2871	  1495	1.1566	     0
5.2964	  1550	1.1583	     0
5.3057	  1499	1.1600	     0
5.3149	  1550	1.1616	     0
5.3242	  1541	1.1633	     0
5.3335	  1379	1.1649	     1
5.3428	  1523	1.1666	     0
5.3521	  1525	1.1683	     0
5.3613	  1470	1.1699	     1
5.3706	  1535	1.1716	     0
5.3799	  1507	1.1732	     0
5.3892	  1582	1.1749	     0
5.3984	  1488	1.1766	     1
5.4077	  1536	1.1782	     0
5.4170	  1567	1.1799	     1
5.4263	  1589	1.1815	     1
5.4355	  1518	1.1832	     1
5.4448	  1514	1.1849	     1
5.4541	  1565	1.1865	     1
5.4634	  1545	1.1882	     2
5.4727	  1613	1.1898	     0
5.4819	  1537	1.1915	     0
5.4912	  1560	1.1932	     0
5.5005	  1508	1.1948	     0
5.5098	  1487	1.1965	     0
5.5190	  1480	1.1981	     1
5.5283	  1505	1.1998	     0
5.5376	  1556	1.2015	     0
5.5469	  1560	1.2031	     0
5.5562	  1512	1.2048	     1
5.5654	  1578	1.2064	     0
5.5747	  1521	1.2081	     2
5.5840	  1549	1.2098	     0
5.5933	  1607	1.2114	     1
5.6025	  1496	1.2131	     0
5.6118	  1563	1.2147	     0
5.6211	  1534	1.2164	     0
5.6304	  1557	1.2181	     0
5.6396	  1544	1.2197	     1
5.6489	  1510	1.2214	     0
5.6582	  1558	1.2230	     0
5.6675	  1517	1.2247	     0
5.6768	  1620	1.2264	     1
5.6860	  1565	1.2280	     0
5.6953	  1662	1.2297	     1
5.7046	  1501	1.2313	     0
5.7139	  1496	1.2330	     0
5.7231	  1532	1.2347	     0
5.7324	  1607	1.2363	     0
5.7417	  1509	1.2380	     0
5.7510	  1520	1.2396	     1
5.7603	  1609	1.2413	     0
5.7695	  1553	1.2430	     0
5.7788	  1578	1.2446	     0
5.7881	  1584	1.2463	     0
5.7974	  1502	1.2479	     1
5.8066	  1550	1.2496	     0
5.8159	  1587	1.2513	     0
5.8252	  1656	1.2529	     1
5.8345	  1618	1.2546	     0
5.8438	  1597	1.2562	     1
5.8530	  1608	1.2579	     0
5.8623	  1577	1.2596	     0
5.8716	  1602	1.2612	     0
5.8809	  1641	1.2629	     0
5.8901	  1596	1.2646	     0
5.8994	  1678	1.2662	     0
5.9087	  1621	1.2679	     0
5.9180	  1642	1.2695	     0
5.9272	  1643	1.2712	     0
5.9365	  1632	1.2729	     1
5.9458	  1652	1.2745	     1
5.9551	  1616	1.2762	     1
5.9644	  1533	1.2778	     0
5.9736	  1630	1.2795	     0
5.9829	  1620	1.2812	     0
5.9922	  1710	1.2828	     0
6.0015	  1720	1.2845	     1
6.0107	  1706	1.2861	     0
6.0200	  1677	1.2878	     0
6.0293	  1694	1.2895	     0
6.0386	  1625	1.2911	     0
6.0479	  1753	1.2928	     0
6.0571	  1654	1.2944	     0
6.0664	  1813	1.2961	     1
6.0757	  1684	1.2978	     0
6.0850	  1746	1.2994	     0
6.0942	  1635	1.3011	     1
6.1035	  1688	1.3027	     0
6.1128	  1701	1.3044	     0
6.1221	  1642	1.3061	     0
6.1313	  1721	1.3077	     0
6.1406	  1696	1.3094	     0
6.1499	  1737	1.3110	     1
6.1592	  1675	1.3127	     0
6.1685	  1628	1.3144	     0
6.1777	  1596	1.3160	     1
6.1870	  1706	1.3177	     0
6.1963	  1657	1.3193	     0
6.2056	  1733	1.3210	     1
6.2148	  1678	1.3227	     0
6.2241	  1680	1.3243	     0
6.2334	  1737	1.3260	     1
6.2427	  1652	1.3276	     0
6.2520	  1623	1.3293	     1
6.2612	  1638	1.3310	     0
6.2705	  1660	1.3326	     0
6.2798	  1621	1.3343	     0
6.2891	  1757	1.3359	     1
6.2983	  1725	1.3376	     1
6.3076	  1690	1.3393	     0
6.3169	  1623	1.3409	     0
6.3262	  1760	1.3426	     0
6.3354	  1725	1.3442	     0
6.3447	  1722	1.3459	     2
6.3540	  1709	1.3476	     0
6.3633	  1704	1.3492	     0
6.3726	  1714	1.3509	     0
6.3818	  1703	1.3525	     0
6.3911	  1656	1.3542	     0
6.4004	  1611	1.3559	     0
6.4097	  1730	1.3575	     0
6.4189	  1685	1.3592	     0
6.4282	  1607	1.3608	     0
6.4375	  1718	1.3625	     0
6.4468	  1623	1.3642	     0
6.4561	  1638	1.3658	     0
6.4653	  1681	1.3675	     0
6.4746	  1601	1.3691	     1
6.4839	  1668	1.3708	     1
6.4932	  1654	1.3725	     0
6.5024	  1602	1.3741	     0
6.5117	  1660	1.3758	     0
6.5210	  1634	1.3774	     0
6.5303	  1583	1.3791	     0
6.5396	  1602	1.3808	     0
6.5488	  1590	1.3824	     0
6.5581	  1626	1.3841	     0
6.5674	  1596	1.3857	     0
6.5767	  1628	1.3874	     0
6.5859	  1603	1.3891	     1
6.5952	  1613	1.3907	     0
6.6045	  1525	1.3924	     0
6.6138	  1516	1.3940	     0
6.6230	  1578	1.3957	     0
6.6323	  1495	1.3974	     0
6.6416	  1572	1.3990	     1
6.6509	  1469	1.4007	     0
6.6602	  1476	1.4023	     0
6.6694	  1449	1.4040	     0
6.6787	  1458	1.4057	     0
6.6880	  1539	1.4073	     0
6.6973	  1503	1.4090	     1
6.7065	  1474	1.4106	     0
6.7158	  1467	1.4123	     0
6.7251	  1521	1.4140	     1
6.7344	  1460	1.4156	     0
6.7437	  1382	1.4173	     1
6.7529	  1510	1.4189	     0
6.7622	  1419	1.4206	     0
6.7715	  1496	1.4223	     0
6.7808	  1343	1.4239	     0
6.7900	  1416	1.4256	     0
6.7993	  1361	1.4272	     0
6.8086	  1339	1.4289	     0
6.8179	  1392	1.4306	     1
6.8271	  1459	1.4322	     0
6.8364	  1338	1.4339	     0
6.8457	  1400	1.4355	     0
6.8550	  1385	1.4372	     0
6.8643	  1402	1.4389	     0
6.8735	  1339	1.4405	     1
6.8828	  1333	1.4422	     0
6.8921	  1381	1.4438	     0
6.9014	  1343	1.4455	     0
6.9106	  1327	1.4472	     2
6.9199	  1353	1.4488	     0
6.9292	  1324	1.4505	     0
6.9385	  1346	1.4521	     0
6.9478	  1305	1.4538	     0
6.9570	  1378	1.4555	     1
6.9663	  1389	1.4571	     0
6.9756	  1293	1.4588	     1
6.9849	  1306	1.4604	     0
6.9941	  1303	1.4621	     0
7.0034	  1348	1.4638	     0
7.0127	  1338	1.4654	     1
7.0220	  1270	1.4671	     0
7.0313	  1352	1.4688	     1
7.0405	  1292	1.4704	     1
7.0498	  1314	1.4721	     1
7.0591	  1310	1.4737	     0
7.0684	  1364	1.4754	     0
7.0776	  1309	1.4771	     0
7.0869	  1348	1.4787	     1
7.0962	  1288	1.4804	     0
7.1055	  1336	1.4820	     1
7.1147	  1366	1.4837	     0
7.1240	  1281	1.4854	     0
7.1333	  1288	1.4870	     0
7.1426	  1270	1.4887	     1
7.1519	  1257	1.4903	     0
7.1611	  1295	1.4920	     0
7.1704	  1312	1.4937	     0
7.1797	  1260	1.4953	     0
7.1890	  1282	1.4970	     0
7.1982	  1238	1.4986	     0
7.2075	  1252	1.5003	     0
7.2168	  1293	1.5020	     0
7.2261	  1292	1.5036	     0
7.2354	  1318	1.5053	     0
7.2446	  1318	1.5069	     0
7.2539	  1257	1.5086	     2
7.2632	  1338	1.5103	     1
7.2725	  1348	1.5119	     0
7.2817	  1280	1.5136	     1
7.2910	  1249	1.5152	     0
7.3003	  1308	1.5169	     1
7.3096	  1263	1.5186	     1
7.3188	  1292	1.5202	     0
7.3281	  1231	1.5219	     0
7.3374	  1279	1.5235	     0
7.3467	  1284	1.5252	     0
7.3560	  1293	1.5269	     0
7.3652	  1189	1.5285	     0
7.3745	  1234	1.5302	     1
7.3838	  1303	1.5318	     0
7.3931	  1257	1.5335	     0
7.4023	  1269	1.5352	     0
7.4116	  1272	1.5368	     0
7.4209	  1199	1.5385	     0
7.4302	  1187	1.5401	     0
7.4395	  1260	1.5418	     0
7.4487	  1221	1.5435	     0
7.4580	  1212	1.5451	     0
7.4673	  1114	1.5468	     0
7.4766	  1193	1.5484	     0
7.4858	  1138	1.5501	     0
7.4951	  1146	1.5518	     1
7.5044	  1120	1.5534	     0
7.5137	  1197	1.5551	     0
7.5229	  1194	1.5567	     0
7.5322	  1188	1.5584	     0
7.5415	  1171	1.5601	     0
7.5508	  1141	1.5617	     0
7.5601	  1107	1.5634	     0
7.5693	  1114	1.5650	     0
7.5786	  1117	1.5667	     1
7.5879	  1157	1.5684	     0
7.5972	  1154	1.5700	     0
7.6064	  1104	1.5717	     1
7.6157	  1108	1.5733	     1
7.6250	  1099	1.5750	     0
7.6343	  1118	1.5767	     0
7.6436	  1073	1.5783	     0
7.6528	  1084	1.5800	     0
7.6621	  1117	1.5816	     1
7.6714	  1094	1.5833	     0
7.6807	  1060	1.5850	     0
7.6899	  1154	1.5866	     0
7.6992	  1112	1.5883	     0
7.7085	  1203	1.5899	     0
7.7178	  1141	1.5916	     0
7.7271	  1261	1.5933	     1
7.7363	  1290	1.5949	     0
7.7456	  1300	1.5966	     0
7.7549	  1249	1.5982	     0
7.7642	  1325	1.5999	     0
7.7734	  1433	1.6016	     0
7.7827	  1486	1.6032	     0
7.7920	  1457	1.6049	     0
7.8013	  1580	1.6065	     0
7.8105	  1564	1.6082	     0
7.8198	  1634	1.6099	     0
7.8291	  1722	1.6115	     0
7.8384	  1831	1.6132	     0
7.8477	  1938	1.6148	     0
7.8569	  2031	1.6165	     0
7.8662	  2133	1.6182	     0
7.8755	  2260	1.6198	     0
7.8848	  2389	1.6215	     0
7.8940	  2476	1.6231	     0
7.9033	  2533	1.6248	     0
7.9126	  2721	1.6265	     1
7.9219	  2842	1.6281	     0
7.9312	  3013	1.6298	     0
7.9404	  3176	1.6314	     0
7.9497	  3380	1.6331	     0
7.9590	  3466	1.6348	     0
7.9683	  3552	1.6364	     0
7.9775	  3746	1.6381	     0
7.9868	  4008	1.6397	     0
7.9961	  4061	1.6414	     0
8.0054	  4311	1.6431	     0
8.0146	  4333	1.6447	     0
8.0239	  4459	1.6464	     0
8.0332	  4601	1.6480	     0
8.0425	  4775	1.6497	     0
8.0518	  4880	1.6514	     0
8.0610	  5120	1.6530	     1
8.0703	  5181	1.6547	     1
8.0796	  5320	1.6563	     0
8.0889	  5294	1.6580	     1
8.0981	  5339	1.6597	     0
8.1074	  5540	1.6613	     0
8.1167	  5643	1.6630	     1
8.1260	  5546	1.6646	     1
8.1353	  5605	1.6663	     0
8.1445	  5540	1.6680	     1
8.1538	  5658	1.6696	     1
8.1631	  5687	1.6713	     0
8.1724	  5627	1.6729	     0
8.1816	  5546	1.6746	     1
8.1909	  5689	1.6763	     0
8.2002	  5586	1.6779	     0
8.2095	  5382	1.6796	     1
8.2188	  5309	1.6812	     0
8.2280	  5268	1.6829	     0
8.2373	  5066	1.6846	     0
8.2466	  4917	1.6862	     0
8.2559	  4666	1.6879	     0
8.2651	  4663	1.6896	     0
8.2744	  4595	1.6912	     0
8.2837	  4356	1.6929	     1
8.2930	  4210	1.6945	     0
8.3022	  3919	1.6962	     0
8.3115	  3826	1.6979	     1
8.3208	  3659	1.6995	     1
8.3301	  3399	1.7012	     0
8.3394	  3380	1.7028	     0
8.3486	  3095	1.7045	     1
8.3579	  3020	1.7062	     1
8.3672	  2837	1.7078	     0
8.3765	  2718	1.7095	     0
8.3857	  2516	1.7111	     1
8.3950	  2305	1.7128	     0
8.4043	  2239	1.7145	     0
8.4136	  2109	1.7161	     1
8.4229	  1931	1.7178	     1
8.4321	  1787	1.7194	     1
8.4414	  1633	1.7211	     0
8.4507	  1574	1.7228	     0
8.4600	  1485	1.7244	     0
8.4692	  1341	1.7261	     0
8.4785	  1346	1.7277	     1
8.4878	  1182	1.7294	     0
8.4971	  1039	1.7311	     0
8.5063	   992	1.7327	     0
8.5156	   980	1.7344	     1
8.5249	   875	1.7360	     0
8.5342	   852	1.7377	     1
8.5435	   808	1.7394	     0
8.5527	   799	1.7410	     0
8.5620	   691	1.7427	     0
8.5713	   647	1.7443	     0
8.5806	   680	1.7460	     0
8.5898	   629	1.7477	     0
8.5991	   620	1.7493	     0
8.6084	   604	1.7510	     0
8.6177	   589	1.7526	     0
8.6270	   639	1.7543	     1
8.6362	   588	1.7560	     0
8.6455	   598	1.7576	     0
8.6548	   622	1.7593	     1
8.6641	   661	1.7609	     0
8.6733	   728	1.7626	     0
8.6826	   687	1.7643	     0
8.6919	   770	1.7659	     0
8.7012	   801	1.7676	     0
8.7104	   849	1.7692	     0
8.7197	   922	1.7709	     0
8.7290	   925	1.7726	     0
8.7383	  1016	1.7742	     0
8.7476	  1123	1.7759	     0
8.7568	  1237	1.7775	     0
8.7661	  1255	1.7792	     0
8.7754	  1296	1.7809	     0
8.7847	  1461	1.7825	     0
8.7939	  1524	1.7842	     0
8.8032	  1688	1.7858	     0
8.8125	  1820	1.7875	     1
8.8218	  1966	1.7892	     0
8.8311	  2077	1.7908	     0
8.8403	  2149	1.7925	     1
8.8496	  2246	1.7941	     0
8.8589	  2584	1.7958	     0
8.8682	  2675	1.7975	     1
8.8774	  2835	1.7991	     0
8.8867	  2954	1.8008	     0
8.8960	  3188	1.8024	     0
8.9053	  3232	1.8041	     0
8.9146	  3560	1.8058	     0
8.9238	  3719	1.8074	     0
8.9331	  3771	1.8091	     0
8.9424	  3970	1.8107	     0
8.9517	  4002	1.8124	     1
8.9609	  4304	1.8141	     0
8.9702	  4401	1.8157	     0
8.9795	  4505	1.8174	     0
8.9888	  4672	1.8190	     1
8.9980	  4962	1.8207	     0
9.0073	  4918	1.8224	     0
9.0166	  5035	1.8240	     1
9.0259	  5141	1.8257	     1
9.0352	  5157	1.8273	     0
9.0444	  5173	1.8290	     0
9.0537	  5359	1.8307	     1
9.0630	  5333	1.8323	     0
9.0723	  5332	1.8340	     0
9.0815	  5302	1.8356	     1
9.0908	  5268	1.8373	     0
9.1001	  5251	1.8390	     0
9.1094	  5118	1.8406	     0
9.1187	  5157	1.8423	     0
9.1279	  5127	1.8439	     0
9.1372	  5155	1.8456	     0
9.1465	  4813	1.8473	     0
9.1558	  4808	1.8489	     0
9.1650	  4527	1.8506	     0
9.1743	  4478	1.8522	     2
9.1836	  4293	1.8539	     1
9.1929	  4226	1.8556	     0
9.2021	  4027	1.8572	     1
9.2114	  3761	1.8589	     0
9.2207	  3681	1.8605	     0
9.2300	  3470	1.8622	     0
9.2393	  3176	1.8639	     0
9.2485	  3067	1.8655	     0
9.2578	  3042	1.8672	     1
9.2671	  2755	1.8688	     0
9.2764	  2527	1.8705	     0
9.2856	  2431	1.8722	     1
9.2949	  2174	1.8738	     0
9.3042	  2143	1.8755	     0
9.3135	  1942	1.8771	     0
9.3228	  1768	1.8788	     0
9.3320	  1617	1.8805	     0
9.3413	  1520	1.8821	     0
9.3506	  1439	1.8838	     0
9.3599	  1251	1.8854	     1
9.3691	  1115	1.8871	     0
9.3784	   980	1.8888	     0
9.3877	   930	1.8904	     0
9.3970	   848	1.8921	     1
9.4063	   753	1.8938	     0
9.4155	   677	1.8954	     0
9.4248	   584	1.8971	     0
9.4341	   538	1.8987	     0
9.4434	   465	1.9004	     0
9.4526	   431	1.9021	     0
9.4619	   357	1.9037	     0
9.4712	   329	1.9054	     0
9.4805	   276	1.9070	     0
9.4897	   256	1.9087	     1
9.4990	   207	1.9104	     1
9.5083	   194	1.9120	     0
9.5176	   184	1.9137	     0
9.5269	   186	1.9153	     0
9.5361	   138	1.9170	     0
9.5454	   139	1.9187	     1
9.5547	   130	1.9203	     0
9.5640	   108	1.9220	     0
9.5732	    98	1.9236	     0
9.5825	    92	1.9253	     0
9.5918	    80	1.9270	     0
9.6011	    87	1.9286	     0
9.6104	    82	1.9303	     0
9.6196	    57	1.9319	     0
9.6289	    59	1.9336	     0
9.6382	    57	1.9353	     0
9.6475	    65	1.9369	     0
9.6567	    76	1.9386	     0
9.6660	    49	1.9402	     0
9.6753	    45	1.9419	     1
9.6846	    57	1.9436	     0
9.6938	    55	1.9452	     0
9.7031	    39	1.9469	     0
9.7124	    55	1.9485	     0
9.7217	    51	1.9502	     1
9.7310	    57	1.9519	     1
9.7402	    48	1.9535	     0
9.7495	    50	1.9552	     0
9.7588	    49	1.9568	     1
9.7681	    41	1.9585	     0
9.7773	    42	1.9602	     0
9.7866	    54	1.9618	     0
9.7959	    40	1.9635	     0
9.8052	    35	1.9651	     0
9.8145	    44	1.9668	     0
9.8237	    40	1.9685	     0
9.8330	    40	1.9701	     1
9.8423	    50	1.9718	     0
9.8516	    37	1.9734	     0
9.8608	    53	1.9751	     0
9.8701	    35	1.9768	     0
9.8794	    37	1.9784	     0
9.8887	    37	1.9801	     0
9.8979	    30	1.9817	     1
9.9072	    29	1.9834	     0
9.9165	    28	1.9851	     0
9.9258	    27	1.9867	     2
9.9351	    28	1.9884	     0
9.9443	    32	1.9900	     0
9.9536	    26	1.9917	     1
9.9629	    37	1.9934	     0
9.9722	    25	1.9950	     0
9.9814	    34	1.9967	     1
9.9907	    21	1.9983	     1
