12/02/2019 12:39:21
LT: 300.06

0.5000	  1308	0.3000	     0
0.5093	  1442	0.3017	     0
0.5186	  1455	0.3033	     0
0.5278	  1428	0.3050	     0
0.5371	  1431	0.3066	     0
0.5464	  1411	0.3083	     0
0.5557	  1398	0.3100	     0
0.5649	  1447	0.3116	     0
0.5742	  1494	0.3133	     0
0.5835	  1523	0.3149	     0
0.5928	  1593	0.3166	     0
0.6021	  1550	0.3183	     0
0.6113	  1559	0.3199	     0
0.6206	  1628	0.3216	     0
0.6299	  1741	0.3232	     0
0.6392	  1726	0.3249	     0
0.6484	  1752	0.3266	     0
0.6577	  1760	0.3282	     0
0.6670	  1642	0.3299	     0
0.6763	  1587	0.3315	     0
0.6855	  1474	0.3332	     0
0.6948	  1488	0.3349	     0
0.7041	  1429	0.3365	     1
0.7134	  1431	0.3382	     0
0.7227	  1360	0.3398	     0
0.7319	  1321	0.3415	     0
0.7412	  1355	0.3432	     1
0.7505	  1260	0.3448	     1
0.7598	  1331	0.3465	     0
0.7690	  1206	0.3481	     0
0.7783	  1282	0.3498	     1
0.7876	  1231	0.3515	     0
0.7969	  1289	0.3531	     0
0.8062	  1248	0.3548	     0
0.8154	  1186	0.3564	     0
0.8247	  1135	0.3581	     0
0.8340	  1180	0.3598	     0
0.8433	  1160	0.3614	     0
0.8525	  1122	0.3631	     1
0.8618	  1133	0.3647	     0
0.8711	  1164	0.3664	     0
0.8804	  1080	0.3681	     0
0.8896	  1085	0.3697	     0
0.8989	  1113	0.3714	     1
0.9082	  1042	0.3730	     1
0.9175	  1062	0.3747	     0
0.9268	  1054	0.3764	     0
0.9360	   975	0.3780	     0
0.9453	  1039	0.3797	     3
0.9546	  1037	0.3813	     0
0.9639	  1035	0.3830	     1
0.9731	   991	0.3847	     0
0.9824	   980	0.3863	     0
0.9917	   972	0.3880	     0
1.0010	   964	0.3896	     0
1.0103	   988	0.3913	     0
1.0195	   941	0.3930	     0
1.0288	   971	0.3946	     0
1.0381	   952	0.3963	     0
1.0474	   982	0.3979	     1
1.0566	   939	0.3996	     0
1.0659	   964	0.4013	     0
1.0752	   966	0.4029	     0
1.0845	   938	0.4046	     0
1.0938	  1004	0.4063	     0
1.1030	   965	0.4079	     0
1.1123	   915	0.4096	     0
1.1216	   971	0.4112	     0
1.1309	   923	0.4129	     0
1.1401	   936	0.4146	     0
1.1494	   943	0.4162	     0
1.1587	   972	0.4179	     0
1.1680	   910	0.4195	     0
1.1772	   906	0.4212	     0
1.1865	   944	0.4229	     1
1.1958	   948	0.4245	     0
1.2051	   904	0.4262	     0
1.2144	   923	0.4278	     0
1.2236	   912	0.4295	     0
1.2329	   897	0.4312	     0
1.2422	   880	0.4328	     0
1.2515	   934	0.4345	     0
1.2607	   918	0.4361	     1
1.2700	   908	0.4378	     0
1.2793	   913	0.4395	     0
1.2886	   924	0.4411	     0
1.2979	   927	0.4428	     0
1.3071	   941	0.4444	     1
1.3164	   908	0.4461	     0
1.3257	   972	0.4478	     0
1.3350	   969	0.4494	     0
1.3442	   938	0.4511	     1
1.3535	   978	0.4527	     1
1.3628	   952	0.4544	     0
1.3721	   947	0.4561	     0
1.3813	   944	0.4577	     0
1.3906	   896	0.4594	     0
1.3999	   908	0.4610	     1
1.4092	   942	0.4627	     0
1.4185	   995	0.4644	     0
1.4277	  1002	0.4660	     0
1.4370	   920	0.4677	     0
1.4463	   965	0.4693	     0
1.4556	   883	0.4710	     0
1.4648	   881	0.4727	     1
1.4741	   838	0.4743	     0
1.4834	   823	0.4760	     0
1.4927	   801	0.4776	     0
1.5020	   760	0.4793	     0
1.5112	   719	0.4810	     0
1.5205	   707	0.4826	     0
1.5298	   693	0.4843	     1
1.5391	   682	0.4859	     0
1.5483	   695	0.4876	     1
1.5576	   654	0.4893	     0
1.5669	   640	0.4909	     0
1.5762	   609	0.4926	     0
1.5854	   574	0.4942	     0
1.5947	   599	0.4959	     0
1.6040	   543	0.4976	     0
1.6133	   546	0.4992	     1
1.6226	   534	0.5009	     0
1.6318	   551	0.5025	     0
1.6411	   542	0.5042	     0
1.6504	   517	0.5059	     1
1.6597	   520	0.5075	     0
1.6689	   558	0.5092	     0
1.6782	   520	0.5108	     0
1.6875	   532	0.5125	     0
1.6968	   576	0.5142	     0
1.7061	   564	0.5158	     0
1.7153	   541	0.5175	     0
1.7246	   607	0.5191	     1
1.7339	   548	0.5208	     0
1.7432	   560	0.5225	     0
1.7524	   634	0.5241	     0
1.7617	   564	0.5258	     0
1.7710	   588	0.5274	     0
1.7803	   590	0.5291	     0
1.7896	   593	0.5308	     0
1.7988	   593	0.5324	     2
1.8081	   584	0.5341	     0
1.8174	   565	0.5357	     0
1.8267	   586	0.5374	     0
1.8359	   614	0.5391	     0
1.8452	   569	0.5407	     1
1.8545	   615	0.5424	     0
1.8638	   598	0.5440	     0
1.8730	   627	0.5457	     1
1.8823	   604	0.5474	     0
1.8916	   687	0.5490	     0
1.9009	   632	0.5507	     0
1.9102	   653	0.5523	     0
1.9194	   680	0.5540	     0
1.9287	   726	0.5557	     0
1.9380	   791	0.5573	     0
1.9473	   858	0.5590	     0
1.9565	   945	0.5606	     2
1.9658	  1106	0.5623	     0
1.9751	  1275	0.5640	     0
1.9844	  1426	0.5656	     0
1.9937	  1619	0.5673	     0
2.0029	  2016	0.5689	     0
2.0122	  2362	0.5706	     0
2.0215	  2764	0.5723	     0
2.0308	  3203	0.5739	     1
2.0400	  3827	0.5756	     1
2.0493	  4476	0.5772	     0
2.0586	  5103	0.5789	     0
2.0679	  5807	0.5806	     0
2.0771	  6679	0.5822	     0
2.0864	  7222	0.5839	     0
2.0957	  7755	0.5855	     0
2.1050	  8427	0.5872	     0
2.1143	  8749	0.5889	     0
2.1235	  9066	0.5905	     0
2.1328	  9321	0.5922	     0
2.1421	  9374	0.5938	     0
2.1514	  9159	0.5955	     0
2.1606	  8604	0.5972	     0
2.1699	  8066	0.5988	     1
2.1792	  7564	0.6005	     0
2.1885	  6700	0.6021	     1
2.1978	  6151	0.6038	     0
2.2070	  5351	0.6055	     0
2.2163	  4507	0.6071	     0
2.2256	  3946	0.6088	     0
2.2349	  3237	0.6104	     0
2.2441	  2677	0.6121	     1
2.2534	  2034	0.6138	     0
2.2627	  1583	0.6154	     0
2.2720	  1252	0.6171	     0
2.2813	   909	0.6187	     0
2.2905	   710	0.6204	     0
2.2998	   520	0.6221	     0
2.3091	   372	0.6237	     0
2.3184	   289	0.6254	     0
2.3276	   196	0.6271	     0
2.3369	   149	0.6287	     0
2.3462	   118	0.6304	     0
2.3555	   102	0.6320	     1
2.3647	    80	0.6337	     0
2.3740	    46	0.6354	     0
2.3833	    51	0.6370	     0
2.3926	    52	0.6387	     0
2.4019	    46	0.6403	     0
2.4111	    30	0.6420	     0
2.4204	    34	0.6437	     0
2.4297	    37	0.6453	     0
2.4390	    36	0.6470	     0
2.4482	    32	0.6486	     0
2.4575	    37	0.6503	     0
2.4668	    28	0.6520	     0
2.4761	    38	0.6536	     0
2.4854	    34	0.6553	     0
2.4946	    31	0.6569	     0
2.5039	    33	0.6586	     0
2.5132	    32	0.6603	     0
2.5225	    30	0.6619	     0
2.5317	    26	0.6636	     0
2.5410	    25	0.6652	     0
2.5503	    22	0.6669	     0
2.5596	    30	0.6686	     1
2.5688	    32	0.6702	     1
2.5781	    33	0.6719	     0
2.5874	    31	0.6735	     0
2.5967	    28	0.6752	     0
2.6060	    33	0.6769	     0
2.6152	    33	0.6785	     0
2.6245	    24	0.6802	     0
2.6338	    16	0.6818	     0
2.6431	    23	0.6835	     0
2.6523	    27	0.6852	     0
2.6616	    15	0.6868	     0
2.6709	    30	0.6885	     0
2.6802	    29	0.6901	     0
2.6895	    20	0.6918	     0
2.6987	    23	0.6935	     0
2.7080	    25	0.6951	     0
2.7173	    19	0.6968	     0
2.7266	    19	0.6984	     0
2.7358	    28	0.7001	     0
2.7451	    31	0.7018	     0
2.7544	    33	0.7034	     0
2.7637	    28	0.7051	     1
2.7729	    31	0.7067	     0
2.7822	    28	0.7084	     0
2.7915	    25	0.7101	     0
2.8008	    24	0.7117	     0
2.8101	    29	0.7134	     0
2.8193	    18	0.7150	     0
2.8286	    24	0.7167	     1
2.8379	    19	0.7184	     0
2.8472	    31	0.7200	     0
2.8564	    24	0.7217	     0
2.8657	    24	0.7233	     0
2.8750	    35	0.7250	     0
2.8843	    23	0.7267	     0
2.8936	    29	0.7283	     0
2.9028	    13	0.7300	     3
2.9121	    33	0.7316	     0
2.9214	    29	0.7333	     1
2.9307	    22	0.7350	     1
2.9399	    35	0.7366	     0
2.9492	    27	0.7383	     0
2.9585	    29	0.7399	     0
2.9678	    35	0.7416	     0
2.9771	    23	0.7433	     1
2.9863	    24	0.7449	     0
2.9956	    19	0.7466	     0
3.0049	    25	0.7482	     1
3.0142	    22	0.7499	     0
3.0234	    21	0.7516	     0
3.0327	    23	0.7532	     0
3.0420	    19	0.7549	     0
3.0513	    27	0.7565	     0
3.0605	    29	0.7582	     0
3.0698	    32	0.7599	     0
3.0791	    18	0.7615	     1
3.0884	    21	0.7632	     0
3.0977	    21	0.7648	     0
3.1069	    23	0.7665	     0
3.1162	    16	0.7682	     1
3.1255	    22	0.7698	     0
3.1348	    21	0.7715	     0
3.1440	    27	0.7731	     0
3.1533	    19	0.7748	     0
3.1626	    24	0.7765	     0
3.1719	    26	0.7781	     1
3.1812	    12	0.7798	     0
3.1904	    26	0.7814	     0
3.1997	    21	0.7831	     1
3.2090	    16	0.7848	     0
3.2183	    18	0.7864	     0
3.2275	    20	0.7881	     0
3.2368	    23	0.7897	     0
3.2461	    17	0.7914	     0
3.2554	    21	0.7931	     0
3.2646	    21	0.7947	     0
3.2739	    22	0.7964	     0
3.2832	    23	0.7980	     1
3.2925	    18	0.7997	     0
3.3018	    23	0.8014	     0
3.3110	    19	0.8030	     0
3.3203	    23	0.8047	     0
3.3296	    23	0.8063	     0
3.3389	    14	0.8080	     0
3.3481	    22	0.8097	     0
3.3574	    20	0.8113	     0
3.3667	    24	0.8130	     0
3.3760	    16	0.8146	     0
3.3853	    15	0.8163	     0
3.3945	    23	0.8180	     0
3.4038	    23	0.8196	     0
3.4131	    20	0.8213	     0
3.4224	    22	0.8229	     1
3.4316	    14	0.8246	     1
3.4409	    18	0.8263	     1
3.4502	    18	0.8279	     0
3.4595	    14	0.8296	     0
3.4688	    23	0.8313	     0
3.4780	    16	0.8329	     1
3.4873	    29	0.8346	     0
3.4966	    17	0.8362	     0
3.5059	    26	0.8379	     0
3.5151	    21	0.8396	     0
3.5244	    24	0.8412	     0
3.5337	    19	0.8429	     0
3.5430	    21	0.8445	     0
3.5522	    24	0.8462	     0
3.5615	    13	0.8479	     0
3.5708	    20	0.8495	     0
3.5801	    18	0.8512	     0
3.5894	    24	0.8528	     0
3.5986	    16	0.8545	     0
3.6079	    15	0.8562	     0
3.6172	    18	0.8578	     0
3.6265	    20	0.8595	     0
3.6357	    19	0.8611	     0
3.6450	    22	0.8628	     0
3.6543	    19	0.8645	     0
3.6636	    22	0.8661	     0
3.6729	    22	0.8678	     0
3.6821	    13	0.8694	     0
3.6914	    11	0.8711	     0
3.7007	    17	0.8728	     0
3.7100	    15	0.8744	     0
3.7192	    16	0.8761	     0
3.7285	    16	0.8777	     0
3.7378	    17	0.8794	     0
3.7471	    21	0.8811	     0
3.7563	    11	0.8827	     1
3.7656	    23	0.8844	     0
3.7749	    14	0.8860	     0
3.7842	    16	0.8877	     0
3.7935	    16	0.8894	     0
3.8027	    19	0.8910	     1
3.8120	    16	0.8927	     1
3.8213	    14	0.8943	     0
3.8306	    12	0.8960	     0
3.8398	    12	0.8977	     0
3.8491	    14	0.8993	     0
3.8584	    19	0.9010	     0
3.8677	    17	0.9026	     0
3.8770	    11	0.9043	     0
3.8862	    12	0.9060	     0
3.8955	    16	0.9076	     0
3.9048	    14	0.9093	     0
3.9141	    14	0.9109	     0
3.9233	     9	0.9126	     0
3.9326	    16	0.9143	     0
3.9419	    13	0.9159	     0
3.9512	    11	0.9176	     0
3.9604	    11	0.9192	     0
3.9697	    14	0.9209	     0
3.9790	    14	0.9226	     0
3.9883	    17	0.9242	     0
3.9976	    15	0.9259	     0
4.0068	     8	0.9275	     0
4.0161	     8	0.9292	     0
4.0254	    16	0.9309	     1
4.0347	     3	0.9325	     1
4.0439	    10	0.9342	     0
4.0532	    12	0.9358	     0
4.0625	     6	0.9375	     0
4.0718	     9	0.9392	     0
4.0811	    15	0.9408	     1
4.0903	    10	0.9425	     0
4.0996	    12	0.9441	     0
4.1089	    12	0.9458	     0
4.1182	     6	0.9475	     0
4.1274	     7	0.9491	     0
4.1367	     5	0.9508	     1
4.1460	    13	0.9524	     0
4.1553	     8	0.9541	     0
4.1646	     8	0.9558	     0
4.1738	     7	0.9574	     0
4.1831	     7	0.9591	     0
4.1924	     5	0.9607	     0
4.2017	    13	0.9624	     0
4.2109	     8	0.9641	     0
4.2202	    10	0.9657	     0
4.2295	    10	0.9674	     0
4.2388	     9	0.9690	     0
4.2480	     9	0.9707	     0
4.2573	     8	0.9724	     0
4.2666	     8	0.9740	     1
4.2759	    12	0.9757	     1
4.2852	     8	0.9773	     0
4.2944	     8	0.9790	     0
4.3037	     6	0.9807	     0
4.3130	     8	0.9823	     0
4.3223	     8	0.9840	     0
4.3315	     9	0.9856	     0
4.3408	     6	0.9873	     0
4.3501	    14	0.9890	     0
4.3594	     6	0.9906	     0
4.3687	     9	0.9923	     0
4.3779	     7	0.9939	     0
4.3872	     9	0.9956	     0
4.3965	    10	0.9973	     0
4.4058	     5	0.9989	     1
4.4150	     6	1.0006	     0
4.4243	     9	1.0022	     0
4.4336	     6	1.0039	     0
4.4429	    15	1.0056	     1
4.4521	     8	1.0072	     0
4.4614	    11	1.0089	     0
4.4707	    12	1.0105	     0
4.4800	    13	1.0122	     0
4.4893	    15	1.0139	     0
4.4985	    24	1.0155	     1
4.5078	    13	1.0172	     0
4.5171	    14	1.0188	     0
4.5264	    22	1.0205	     0
4.5356	    19	1.0222	     0
4.5449	    20	1.0238	     0
4.5542	    17	1.0255	     0
4.5635	    26	1.0271	     0
4.5728	    23	1.0288	     0
4.5820	    22	1.0305	     0
4.5913	    29	1.0321	     0
4.6006	    30	1.0338	     0
4.6099	    32	1.0354	     0
4.6191	    26	1.0371	     0
4.6284	    36	1.0388	     0
4.6377	    42	1.0404	     0
4.6470	    40	1.0421	     0
4.6563	    35	1.0438	     0
4.6655	    37	1.0454	     0
4.6748	    50	1.0471	     0
4.6841	    39	1.0487	     0
4.6934	    41	1.0504	     1
4.7026	    33	1.0521	     0
4.7119	    39	1.0537	     0
4.7212	    23	1.0554	     0
4.7305	    46	1.0570	     0
4.7397	    39	1.0587	     0
4.7490	    33	1.0604	     0
4.7583	    27	1.0620	     0
4.7676	    26	1.0637	     0
4.7769	    30	1.0653	     0
4.7861	    21	1.0670	     0
4.7954	    20	1.0687	     0
4.8047	    18	1.0703	     0
4.8140	    31	1.0720	     0
4.8232	    17	1.0736	     1
4.8325	    16	1.0753	     0
4.8418	    17	1.0770	     0
4.8511	     8	1.0786	     0
4.8604	     4	1.0803	     0
4.8696	    12	1.0819	     1
4.8789	    13	1.0836	     0
4.8882	     5	1.0853	     0
4.8975	    12	1.0869	     0
4.9067	     9	1.0886	     0
4.9160	     8	1.0902	     0
4.9253	     4	1.0919	     0
4.9346	     9	1.0936	     0
4.9438	     9	1.0952	     0
4.9531	     5	1.0969	     0
4.9624	     5	1.0985	     1
4.9717	     3	1.1002	     0
4.9810	     4	1.1019	     0
4.9902	     4	1.1035	     0
4.9995	     3	1.1052	     0
5.0088	     4	1.1068	     0
5.0181	     3	1.1085	     0
5.0273	     2	1.1102	     0
5.0366	     4	1.1118	     0
5.0459	     4	1.1135	     0
5.0552	     6	1.1151	     0
5.0645	     1	1.1168	     0
5.0737	     6	1.1185	     0
5.0830	     4	1.1201	     0
5.0923	     5	1.1218	     0
5.1016	     2	1.1234	     0
5.1108	     1	1.1251	     0
5.1201	     4	1.1268	     0
5.1294	     1	1.1284	     0
5.1387	     2	1.1301	     0
5.1479	     3	1.1317	     0
5.1572	     3	1.1334	     0
5.1665	     3	1.1351	     0
5.1758	     2	1.1367	     0
5.1851	     2	1.1384	     0
5.1943	     3	1.1400	     0
5.2036	     3	1.1417	     0
5.2129	     2	1.1434	     1
5.2222	     0	1.1450	     0
5.2314	     3	1.1467	     1
5.2407	     5	1.1483	     0
5.2500	     3	1.1500	     0
5.2593	     1	1.1517	     0
5.2686	     1	1.1533	     0
5.2778	     1	1.1550	     0
5.2871	     3	1.1566	     0
5.2964	     4	1.1583	     0
5.3057	     1	1.1600	     0
5.3149	     2	1.1616	     0
5.3242	     4	1.1633	     0
5.3335	     1	1.1649	     0
5.3428	     5	1.1666	     0
5.3521	     1	1.1683	     0
5.3613	     3	1.1699	     0
5.3706	     3	1.1716	     0
5.3799	     4	1.1732	     0
5.3892	     1	1.1749	     0
5.3984	     0	1.1766	     0
5.4077	     1	1.1782	     0
5.4170	     1	1.1799	     0
5.4263	     4	1.1815	     0
5.4355	     2	1.1832	     0
5.4448	     2	1.1849	     0
5.4541	     5	1.1865	     0
5.4634	     3	1.1882	     0
5.4727	     1	1.1898	     0
5.4819	     2	1.1915	     0
5.4912	     1	1.1932	     0
5.5005	     4	1.1948	     0
5.5098	     3	1.1965	     0
5.5190	     1	1.1981	     0
5.5283	     1	1.1998	     0
5.5376	     3	1.2015	     0
5.5469	     5	1.2031	     0
5.5562	     2	1.2048	     0
5.5654	     4	1.2064	     0
5.5747	     1	1.2081	     0
5.5840	     2	1.2098	     0
5.5933	     5	1.2114	     0
5.6025	     4	1.2131	     0
5.6118	     3	1.2147	     0
5.6211	     4	1.2164	     0
5.6304	     2	1.2181	     0
5.6396	     5	1.2197	     0
5.6489	     6	1.2214	     0
5.6582	     3	1.2230	     0
5.6675	     4	1.2247	     0
5.6768	     2	1.2264	     0
5.6860	     6	1.2280	     1
5.6953	     8	1.2297	     0
5.7046	     4	1.2313	     0
5.7139	     2	1.2330	     1
5.7231	     0	1.2347	     0
5.7324	     2	1.2363	     0
5.7417	     4	1.2380	     0
5.7510	     4	1.2396	     0
5.7603	     3	1.2413	     0
5.7695	     7	1.2430	     0
5.7788	     3	1.2446	     0
5.7881	     0	1.2463	     0
5.7974	     1	1.2479	     0
5.8066	     2	1.2496	     0
5.8159	     2	1.2513	     0
5.8252	     3	1.2529	     0
5.8345	     0	1.2546	     0
5.8438	     1	1.2562	     0
5.8530	     2	1.2579	     0
5.8623	     2	1.2596	     0
5.8716	     3	1.2612	     0
5.8809	     1	1.2629	     1
5.8901	     0	1.2646	     0
5.8994	     1	1.2662	     0
5.9087	     1	1.2679	     0
5.9180	     1	1.2695	     2
5.9272	     0	1.2712	     0
5.9365	     1	1.2729	     0
5.9458	     3	1.2745	     0
5.9551	     4	1.2762	     0
5.9644	     2	1.2778	     0
5.9736	     1	1.2795	     1
5.9829	     2	1.2812	     0
5.9922	     0	1.2828	     0
6.0015	     4	1.2845	     0
6.0107	     1	1.2861	     0
6.0200	     1	1.2878	     0
6.0293	     0	1.2895	     0
6.0386	     0	1.2911	     0
6.0479	     0	1.2928	     0
6.0571	     1	1.2944	     0
6.0664	     0	1.2961	     0
6.0757	     1	1.2978	     0
6.0850	     1	1.2994	     0
6.0942	     3	1.3011	     0
6.1035	     1	1.3027	     0
6.1128	     4	1.3044	     0
6.1221	     1	1.3061	     0
6.1313	     2	1.3077	     0
6.1406	     3	1.3094	     0
6.1499	     1	1.3110	     1
6.1592	     1	1.3127	     0
6.1685	     3	1.3144	     0
6.1777	     1	1.3160	     0
6.1870	     1	1.3177	     0
6.1963	     1	1.3193	     0
6.2056	     1	1.3210	     0
6.2148	     0	1.3227	     0
6.2241	     1	1.3243	     1
6.2334	     1	1.3260	     0
6.2427	     1	1.3276	     0
6.2520	     0	1.3293	     0
6.2612	     1	1.3310	     0
6.2705	     2	1.3326	     0
6.2798	     0	1.3343	     0
6.2891	     1	1.3359	     0
6.2983	     0	1.3376	     0
6.3076	     1	1.3393	     0
6.3169	     2	1.3409	     0
6.3262	     0	1.3426	     0
6.3354	     1	1.3442	     0
6.3447	     3	1.3459	     0
6.3540	     1	1.3476	     0
6.3633	     1	1.3492	     0
6.3726	     1	1.3509	     0
6.3818	     6	1.3525	     0
6.3911	     0	1.3542	     0
6.4004	     3	1.3559	     0
6.4097	     1	1.3575	     0
6.4189	     1	1.3592	     0
6.4282	     2	1.3608	     0
6.4375	     1	1.3625	     0
6.4468	     0	1.3642	     0
6.4561	     1	1.3658	     0
6.4653	     0	1.3675	     0
6.4746	     2	1.3691	     0
6.4839	     2	1.3708	     0
6.4932	     3	1.3725	     0
6.5024	     1	1.3741	     0
6.5117	     1	1.3758	     0
6.5210	     0	1.3774	     0
6.5303	     0	1.3791	     0
6.5396	     0	1.3808	     0
6.5488	     0	1.3824	     1
6.5581	     2	1.3841	     0
6.5674	     0	1.3857	     0
6.5767	     2	1.3874	     0
6.5859	     0	1.3891	     0
6.5952	     2	1.3907	     1
6.6045	     2	1.3924	     0
6.6138	     0	1.3940	     0
6.6230	     2	1.3957	     0
6.6323	     1	1.3974	     0
6.6416	     1	1.3990	     0
6.6509	     1	1.4007	     0
6.6602	     2	1.4023	     0
6.6694	     0	1.4040	     0
6.6787	     1	1.4057	     0
6.6880	     3	1.4073	     0
6.6973	     5	1.4090	     0
6.7065	     1	1.4106	     0
6.7158	     2	1.4123	     1
6.7251	     5	1.4140	     0
6.7344	     2	1.4156	     0
6.7437	     1	1.4173	     0
6.7529	     3	1.4189	     0
6.7622	     1	1.4206	     0
6.7715	     1	1.4223	     1
6.7808	     1	1.4239	     0
6.7900	     2	1.4256	     0
6.7993	     5	1.4272	     0
6.8086	     0	1.4289	     0
6.8179	     2	1.4306	     0
6.8271	     0	1.4322	     0
6.8364	     2	1.4339	     0
6.8457	     2	1.4355	     0
6.8550	     0	1.4372	     0
6.8643	     0	1.4389	     0
6.8735	     0	1.4405	     0
6.8828	     2	1.4422	     0
6.8921	     1	1.4438	     0
6.9014	     1	1.4455	     0
6.9106	     0	1.4472	     0
6.9199	     0	1.4488	     0
6.9292	     4	1.4505	     0
6.9385	     4	1.4521	     0
6.9478	     2	1.4538	     0
6.9570	     4	1.4555	     0
6.9663	     2	1.4571	     0
6.9756	     2	1.4588	     1
6.9849	     1	1.4604	     0
6.9941	     2	1.4621	     0
7.0034	     2	1.4638	     0
7.0127	     5	1.4654	     0
7.0220	     1	1.4671	     0
7.0313	     1	1.4688	     0
7.0405	     2	1.4704	     0
7.0498	     0	1.4721	     0
7.0591	     1	1.4737	     0
7.0684	     2	1.4754	     0
7.0776	     4	1.4771	     0
7.0869	     1	1.4787	     1
7.0962	     1	1.4804	     0
7.1055	     0	1.4820	     0
7.1147	     4	1.4837	     0
7.1240	     2	1.4854	     0
7.1333	     1	1.4870	     0
7.1426	     1	1.4887	     0
7.1519	     2	1.4903	     0
7.1611	     2	1.4920	     0
7.1704	     0	1.4937	     0
7.1797	     2	1.4953	     0
7.1890	     1	1.4970	     0
7.1982	     1	1.4986	     0
7.2075	     2	1.5003	     1
7.2168	     0	1.5020	     0
7.2261	     0	1.5036	     0
7.2354	     2	1.5053	     0
7.2446	     3	1.5069	     0
7.2539	     1	1.5086	     0
7.2632	     1	1.5103	     0
7.2725	     4	1.5119	     0
7.2817	     0	1.5136	     0
7.2910	     0	1.5152	     0
7.3003	     0	1.5169	     0
7.3096	     1	1.5186	     0
7.3188	     2	1.5202	     0
7.3281	     0	1.5219	     0
7.3374	     0	1.5235	     0
7.3467	     0	1.5252	     0
7.3560	     0	1.5269	     0
7.3652	     0	1.5285	     0
7.3745	     1	1.5302	     0
7.3838	     0	1.5318	     0
7.3931	     0	1.5335	     0
7.4023	     1	1.5352	     0
7.4116	     0	1.5368	     0
7.4209	     2	1.5385	     1
7.4302	     0	1.5401	     0
7.4395	     3	1.5418	     0
7.4487	     1	1.5435	     0
7.4580	     1	1.5451	     0
7.4673	     3	1.5468	     0
7.4766	     2	1.5484	     0
7.4858	     0	1.5501	     0
7.4951	     0	1.5518	     0
7.5044	     0	1.5534	     0
7.5137	     1	1.5551	     0
7.5229	     0	1.5567	     0
7.5322	     2	1.5584	     0
7.5415	     2	1.5601	     0
7.5508	     0	1.5617	     0
7.5601	     0	1.5634	     0
7.5693	     2	1.5650	     0
7.5786	     1	1.5667	     0
7.5879	     2	1.5684	     0
7.5972	     1	1.5700	     0
7.6064	     0	1.5717	     0
7.6157	     0	1.5733	     0
7.6250	     0	1.5750	     0
7.6343	     0	1.5767	     0
7.6436	     1	1.5783	     0
7.6528	     1	1.5800	     0
7.6621	     1	1.5816	     0
7.6714	     0	1.5833	     0
7.6807	     2	1.5850	     0
7.6899	     0	1.5866	     0
7.6992	     1	1.5883	     0
7.7085	     0	1.5899	     0
7.7178	     1	1.5916	     0
7.7271	     1	1.5933	     0
7.7363	     0	1.5949	     0
7.7456	     1	1.5966	     0
7.7549	     2	1.5982	     0
7.7642	     0	1.5999	     0
7.7734	     0	1.6016	     1
7.7827	     1	1.6032	     0
7.7920	     1	1.6049	     0
7.8013	     2	1.6065	     0
7.8105	     0	1.6082	     0
7.8198	     0	1.6099	     0
7.8291	     0	1.6115	     0
7.8384	     1	1.6132	     0
7.8477	     1	1.6148	     0
7.8569	     1	1.6165	     0
7.8662	     0	1.6182	     1
7.8755	     1	1.6198	     0
7.8848	     1	1.6215	     0
7.8940	     1	1.6231	     0
7.9033	     0	1.6248	     0
7.9126	     0	1.6265	     0
7.9219	     0	1.6281	     0
7.9312	     1	1.6298	     0
7.9404	     0	1.6314	     0
7.9497	     1	1.6331	     0
7.9590	     0	1.6348	     0
7.9683	     1	1.6364	     0
7.9775	     2	1.6381	     0
7.9868	     0	1.6397	     0
7.9961	     0	1.6414	     0
8.0054	     0	1.6431	     0
8.0146	     0	1.6447	     0
8.0239	     1	1.6464	     0
8.0332	     0	1.6480	     0
8.0425	     0	1.6497	     0
8.0518	     2	1.6514	     1
8.0610	     0	1.6530	     0
8.0703	     0	1.6547	     0
8.0796	     1	1.6563	     0
8.0889	     1	1.6580	     0
8.0981	     0	1.6597	     0
8.1074	     0	1.6613	     0
8.1167	     1	1.6630	     0
8.1260	     1	1.6646	     0
8.1353	     0	1.6663	     0
8.1445	     1	1.6680	     0
8.1538	     1	1.6696	     0
8.1631	     1	1.6713	     0
8.1724	     2	1.6729	     0
8.1816	     2	1.6746	     0
8.1909	     3	1.6763	     0
8.2002	     2	1.6779	     0
8.2095	     4	1.6796	     0
8.2188	     3	1.6812	     0
8.2280	     3	1.6829	     0
8.2373	     0	1.6846	     0
8.2466	     1	1.6862	     0
8.2559	     4	1.6879	     0
8.2651	     1	1.6896	     0
8.2744	     0	1.6912	     0
8.2837	     1	1.6929	     0
8.2930	     4	1.6945	     0
8.3022	     5	1.6962	     0
8.3115	     3	1.6979	     0
8.3208	     3	1.6995	     0
8.3301	     0	1.7012	     0
8.3394	     2	1.7028	     0
8.3486	     6	1.7045	     0
8.3579	     5	1.7062	     0
8.3672	     2	1.7078	     0
8.3765	     0	1.7095	     0
8.3857	     0	1.7111	     0
8.3950	     2	1.7128	     0
8.4043	     5	1.7145	     0
8.4136	     3	1.7161	     0
8.4229	     2	1.7178	     1
8.4321	     2	1.7194	     0
8.4414	     2	1.7211	     0
8.4507	     5	1.7228	     0
8.4600	     1	1.7244	     0
8.4692	     1	1.7261	     1
8.4785	     0	1.7277	     0
8.4878	     0	1.7294	     0
8.4971	     2	1.7311	     0
8.5063	     1	1.7327	     0
8.5156	     2	1.7344	     0
8.5249	     0	1.7360	     0
8.5342	     0	1.7377	     0
8.5435	     0	1.7394	     0
8.5527	     0	1.7410	     0
8.5620	     0	1.7427	     0
8.5713	     0	1.7443	     0
8.5806	     0	1.7460	     0
8.5898	     0	1.7477	     0
8.5991	     0	1.7493	     0
8.6084	     1	1.7510	     0
8.6177	     0	1.7526	     0
8.6270	     0	1.7543	     0
8.6362	     0	1.7560	     0
8.6455	     0	1.7576	     1
8.6548	     0	1.7593	     0
8.6641	     0	1.7609	     0
8.6733	     0	1.7626	     0
8.6826	     0	1.7643	     0
8.6919	     0	1.7659	     0
8.7012	     0	1.7676	     0
8.7104	     0	1.7692	     0
8.7197	     0	1.7709	     0
8.7290	     0	1.7726	     0
8.7383	     0	1.7742	     0
8.7476	     1	1.7759	     0
8.7568	     0	1.7775	     0
8.7661	     0	1.7792	     1
8.7754	     0	1.7809	     0
8.7847	     0	1.7825	     0
8.7939	     0	1.7842	     0
8.8032	     0	1.7858	     0
8.8125	     0	1.7875	     1
8.8218	     1	1.7892	     0
8.8311	     0	1.7908	     1
8.8403	     0	1.7925	     0
8.8496	     0	1.7941	     0
8.8589	     0	1.7958	     0
8.8682	     0	1.7975	     0
8.8774	     0	1.7991	     0
8.8867	     0	1.8008	     0
8.8960	     0	1.8024	     0
8.9053	     0	1.8041	     0
8.9146	     1	1.8058	     0
8.9238	     0	1.8074	     0
8.9331	     0	1.8091	     0
8.9424	     0	1.8107	     0
8.9517	     0	1.8124	     0
8.9609	     2	1.8141	     0
8.9702	     1	1.8157	     0
8.9795	     1	1.8174	     0
8.9888	     0	1.8190	     0
8.9980	     0	1.8207	     0
9.0073	     0	1.8224	     0
9.0166	     0	1.8240	     0
9.0259	     0	1.8257	     0
9.0352	     0	1.8273	     0
9.0444	     0	1.8290	     0
9.0537	     0	1.8307	     0
9.0630	     0	1.8323	     0
9.0723	     1	1.8340	     0
9.0815	     0	1.8356	     0
9.0908	     0	1.8373	     1
9.1001	     0	1.8390	     0
9.1094	     0	1.8406	     0
9.1187	     0	1.8423	     0
9.1279	     0	1.8439	     0
9.1372	     0	1.8456	     0
9.1465	     0	1.8473	     0
9.1558	     0	1.8489	     0
9.1650	     0	1.8506	     0
9.1743	     0	1.8522	     0
9.1836	     0	1.8539	     0
9.1929	     1	1.8556	     0
9.2021	     0	1.8572	     0
9.2114	     0	1.8589	     0
9.2207	     0	1.8605	     0
9.2300	     0	1.8622	     0
9.2393	     0	1.8639	     0
9.2485	     0	1.8655	     0
9.2578	     0	1.8672	     0
9.2671	     1	1.8688	     0
9.2764	     0	1.8705	     0
9.2856	     1	1.8722	     0
9.2949	     0	1.8738	     0
9.3042	     0	1.8755	     1
9.3135	     0	1.8771	     0
9.3228	     0	1.8788	     0
9.3320	     0	1.8805	     0
9.3413	     0	1.8821	     0
9.3506	     0	1.8838	     0
9.3599	     0	1.8854	     1
9.3691	     0	1.8871	     0
9.3784	     0	1.8888	     0
9.3877	     0	1.8904	     0
9.3970	     0	1.8921	     0
9.4063	     0	1.8938	     0
9.4155	     0	1.8954	     0
9.4248	     0	1.8971	     0
9.4341	     1	1.8987	     0
9.4434	     0	1.9004	     0
9.4526	     0	1.9021	     0
9.4619	     1	1.9037	     0
9.4712	     0	1.9054	     0
9.4805	     0	1.9070	     0
9.4897	     0	1.9087	     0
9.4990	     0	1.9104	     0
9.5083	     0	1.9120	     0
9.5176	     0	1.9137	     0
9.5269	     0	1.9153	     0
9.5361	     0	1.9170	     0
9.5454	     0	1.9187	     0
9.5547	     1	1.9203	     0
9.5640	     0	1.9220	     0
9.5732	     0	1.9236	     0
9.5825	     0	1.9253	     0
9.5918	     1	1.9270	     0
9.6011	     0	1.9286	     0
9.6104	     0	1.9303	     0
9.6196	     0	1.9319	     0
9.6289	     0	1.9336	     0
9.6382	     0	1.9353	     1
9.6475	     0	1.9369	     0
9.6567	     2	1.9386	     0
9.6660	     0	1.9402	     0
9.6753	     0	1.9419	     1
9.6846	     0	1.9436	     0
9.6938	     0	1.9452	     0
9.7031	     0	1.9469	     0
9.7124	     0	1.9485	     0
9.7217	     2	1.9502	     0
9.7310	     0	1.9519	     0
9.7402	     0	1.9535	     0
9.7495	     0	1.9552	     0
9.7588	     0	1.9568	     0
9.7681	     0	1.9585	     0
9.7773	     1	1.9602	     0
9.7866	     1	1.9618	     0
9.7959	     0	1.9635	     0
9.8052	     0	1.9651	     0
9.8145	     0	1.9668	     0
9.8237	     0	1.9685	     0
9.8330	     0	1.9701	     0
9.8423	     1	1.9718	     0
9.8516	     1	1.9734	     0
9.8608	     0	1.9751	     0
9.8701	     1	1.9768	     0
9.8794	     0	1.9784	     0
9.8887	     1	1.9801	     0
9.8979	     0	1.9817	     0
9.9072	     0	1.9834	     0
9.9165	     0	1.9851	     0
9.9258	     0	1.9867	     0
9.9351	     0	1.9884	     0
9.9443	     0	1.9900	     0
9.9536	     1	1.9917	     0
9.9629	     1	1.9934	     0
9.9722	     0	1.9950	     0
9.9814	     1	1.9967	     0
9.9907	     0	1.9983	     2
