11/27/2019 15:07:33
LT: 310.61

0.5000	   667	0.3000	     0
0.5093	   722	0.3017	     0
0.5186	   810	0.3033	     0
0.5278	   810	0.3050	     0
0.5371	   798	0.3066	     0
0.5464	   931	0.3083	     0
0.5557	   994	0.3100	     0
0.5649	   973	0.3116	     0
0.5742	   990	0.3133	     0
0.5835	   956	0.3149	     0
0.5928	   986	0.3166	     0
0.6021	   892	0.3183	     0
0.6113	   861	0.3199	     0
0.6206	   892	0.3216	     0
0.6299	   899	0.3232	     0
0.6392	   852	0.3249	     0
0.6484	   821	0.3266	     0
0.6577	   773	0.3282	     0
0.6670	   808	0.3299	     0
0.6763	   782	0.3315	     0
0.6855	   753	0.3332	     0
0.6948	   761	0.3349	     0
0.7041	   737	0.3365	     0
0.7134	   761	0.3382	     0
0.7227	   694	0.3398	     0
0.7319	   740	0.3415	     0
0.7412	   726	0.3432	     1
0.7505	   718	0.3448	     0
0.7598	   716	0.3465	     1
0.7690	   747	0.3481	     0
0.7783	   732	0.3498	     0
0.7876	   752	0.3515	     1
0.7969	   712	0.3531	     0
0.8062	   784	0.3548	     0
0.8154	   742	0.3564	     0
0.8247	   757	0.3581	     0
0.8340	   737	0.3598	     0
0.8433	   725	0.3614	     0
0.8525	   757	0.3631	     0
0.8618	   701	0.3647	     0
0.8711	   773	0.3664	     0
0.8804	   745	0.3681	     0
0.8896	   779	0.3697	     0
0.8989	   774	0.3714	     1
0.9082	   744	0.3730	     1
0.9175	   753	0.3747	     0
0.9268	   813	0.3764	     0
0.9360	   731	0.3780	     0
0.9453	   714	0.3797	     0
0.9546	   776	0.3813	     0
0.9639	   710	0.3830	     0
0.9731	   747	0.3847	     0
0.9824	   758	0.3863	     0
0.9917	   723	0.3880	     0
1.0010	   726	0.3896	     0
1.0103	   713	0.3913	     0
1.0195	   733	0.3930	     1
1.0288	   676	0.3946	     0
1.0381	   697	0.3963	     0
1.0474	   748	0.3979	     0
1.0566	   682	0.3996	     1
1.0659	   716	0.4013	     0
1.0752	   700	0.4029	     0
1.0845	   731	0.4046	     0
1.0938	   762	0.4063	     0
1.1030	   740	0.4079	     0
1.1123	   677	0.4096	     0
1.1216	   711	0.4112	     0
1.1309	   742	0.4129	     0
1.1401	   663	0.4146	     0
1.1494	   725	0.4162	     0
1.1587	   740	0.4179	     1
1.1680	   690	0.4195	     0
1.1772	   740	0.4212	     1
1.1865	   728	0.4229	     0
1.1958	   718	0.4245	     1
1.2051	   719	0.4262	     0
1.2144	   750	0.4278	     1
1.2236	   708	0.4295	     0
1.2329	   742	0.4312	     0
1.2422	   747	0.4328	     0
1.2515	   781	0.4345	     0
1.2607	   811	0.4361	     1
1.2700	   863	0.4378	     0
1.2793	   805	0.4395	     0
1.2886	   802	0.4411	     0
1.2979	   867	0.4428	     0
1.3071	   907	0.4444	     0
1.3164	   863	0.4461	     2
1.3257	   992	0.4478	     0
1.3350	   891	0.4494	     0
1.3442	   918	0.4511	     0
1.3535	   985	0.4527	     0
1.3628	   904	0.4544	     0
1.3721	   934	0.4561	     0
1.3813	   964	0.4577	     0
1.3906	   901	0.4594	     0
1.3999	   940	0.4610	     0
1.4092	   960	0.4627	     0
1.4185	   921	0.4644	     0
1.4277	   951	0.4660	     1
1.4370	   941	0.4677	     1
1.4463	   852	0.4693	     0
1.4556	   840	0.4710	     0
1.4648	   842	0.4727	     0
1.4741	   870	0.4743	     0
1.4834	   840	0.4760	     0
1.4927	   841	0.4776	     0
1.5020	   806	0.4793	     0
1.5112	   736	0.4810	     0
1.5205	   736	0.4826	     0
1.5298	   790	0.4843	     0
1.5391	   747	0.4859	     0
1.5483	   763	0.4876	     0
1.5576	   751	0.4893	     0
1.5669	   757	0.4909	     0
1.5762	   710	0.4926	     0
1.5854	   707	0.4942	     0
1.5947	   730	0.4959	     0
1.6040	   739	0.4976	     0
1.6133	   696	0.4992	     0
1.6226	   719	0.5009	     0
1.6318	   704	0.5025	     0
1.6411	   713	0.5042	     0
1.6504	   701	0.5059	     0
1.6597	   674	0.5075	     0
1.6689	   658	0.5092	     0
1.6782	   650	0.5108	     0
1.6875	   672	0.5125	     0
1.6968	   625	0.5142	     0
1.7061	   697	0.5158	     0
1.7153	   659	0.5175	     0
1.7246	   644	0.5191	     0
1.7339	   616	0.5208	     0
1.7432	   640	0.5225	     0
1.7524	   565	0.5241	     0
1.7617	   649	0.5258	     2
1.7710	   628	0.5274	     0
1.7803	   617	0.5291	     0
1.7896	   609	0.5308	     0
1.7988	   560	0.5324	     0
1.8081	   591	0.5341	     0
1.8174	   593	0.5357	     0
1.8267	   622	0.5374	     0
1.8359	   607	0.5391	     0
1.8452	   586	0.5407	     0
1.8545	   596	0.5424	     0
1.8638	   572	0.5440	     0
1.8730	   577	0.5457	     1
1.8823	   615	0.5474	     0
1.8916	   638	0.5490	     0
1.9009	   624	0.5507	     0
1.9102	   538	0.5523	     0
1.9194	   620	0.5540	     1
1.9287	   575	0.5557	     0
1.9380	   545	0.5573	     1
1.9473	   590	0.5590	     0
1.9565	   601	0.5606	     0
1.9658	   564	0.5623	     0
1.9751	   598	0.5640	     0
1.9844	   584	0.5656	     0
1.9937	   559	0.5673	     0
2.0029	   588	0.5689	     0
2.0122	   559	0.5706	     0
2.0215	   596	0.5723	     0
2.0308	   572	0.5739	     0
2.0400	   551	0.5756	     0
2.0493	   549	0.5772	     0
2.0586	   583	0.5789	     0
2.0679	   542	0.5806	     0
2.0771	   570	0.5822	     1
2.0864	   574	0.5839	     0
2.0957	   559	0.5855	     0
2.1050	   569	0.5872	     0
2.1143	   533	0.5889	     0
2.1235	   536	0.5905	     0
2.1328	   587	0.5922	     0
2.1421	   559	0.5938	     2
2.1514	   554	0.5955	     0
2.1606	   567	0.5972	     0
2.1699	   545	0.5988	     0
2.1792	   551	0.6005	     0
2.1885	   502	0.6021	     0
2.1978	   508	0.6038	     0
2.2070	   549	0.6055	     0
2.2163	   590	0.6071	     1
2.2256	   535	0.6088	     0
2.2349	   571	0.6104	     0
2.2441	   538	0.6121	     0
2.2534	   507	0.6138	     1
2.2627	   515	0.6154	     0
2.2720	   517	0.6171	     1
2.2813	   523	0.6187	     0
2.2905	   508	0.6204	     0
2.2998	   540	0.6221	     0
2.3091	   522	0.6237	     0
2.3184	   459	0.6254	     0
2.3276	   573	0.6271	     0
2.3369	   510	0.6287	     0
2.3462	   547	0.6304	     0
2.3555	   495	0.6320	     0
2.3647	   528	0.6337	     0
2.3740	   557	0.6354	     0
2.3833	   505	0.6370	     0
2.3926	   538	0.6387	     0
2.4019	   554	0.6403	     0
2.4111	   503	0.6420	     0
2.4204	   508	0.6437	     0
2.4297	   523	0.6453	     0
2.4390	   509	0.6470	     0
2.4482	   504	0.6486	     0
2.4575	   521	0.6503	     1
2.4668	   530	0.6520	     0
2.4761	   517	0.6536	     0
2.4854	   555	0.6553	     0
2.4946	   500	0.6569	     2
2.5039	   518	0.6586	     0
2.5132	   507	0.6603	     1
2.5225	   498	0.6619	     0
2.5317	   452	0.6636	     0
2.5410	   467	0.6652	     0
2.5503	   498	0.6669	     1
2.5596	   497	0.6686	     0
2.5688	   525	0.6702	     0
2.5781	   524	0.6719	     0
2.5874	   505	0.6735	     0
2.5967	   478	0.6752	     0
2.6060	   496	0.6769	     0
2.6152	   520	0.6785	     0
2.6245	   516	0.6802	     0
2.6338	   480	0.6818	     0
2.6431	   494	0.6835	     1
2.6523	   497	0.6852	     1
2.6616	   513	0.6868	     0
2.6709	   529	0.6885	     0
2.6802	   533	0.6901	     0
2.6895	   478	0.6918	     0
2.6987	   469	0.6935	     1
2.7080	   478	0.6951	     0
2.7173	   479	0.6968	     0
2.7266	   533	0.6984	     0
2.7358	   516	0.7001	     0
2.7451	   531	0.7018	     0
2.7544	   538	0.7034	     0
2.7637	   493	0.7051	     0
2.7729	   534	0.7067	     0
2.7822	   526	0.7084	     0
2.7915	   514	0.7101	     0
2.8008	   492	0.7117	     0
2.8101	   492	0.7134	     1
2.8193	   492	0.7150	     0
2.8286	   505	0.7167	     0
2.8379	   508	0.7184	     0
2.8472	   491	0.7200	     0
2.8564	   514	0.7217	     0
2.8657	   536	0.7233	     0
2.8750	   533	0.7250	     0
2.8843	   507	0.7267	     1
2.8936	   565	0.7283	     0
2.9028	   535	0.7300	     0
2.9121	   541	0.7316	     0
2.9214	   561	0.7333	     0
2.9307	   520	0.7350	     0
2.9399	   536	0.7366	     1
2.9492	   522	0.7383	     1
2.9585	   492	0.7399	     0
2.9678	   524	0.7416	     0
2.9771	   556	0.7433	     0
2.9863	   523	0.7449	     0
2.9956	   539	0.7466	     0
3.0049	   554	0.7482	     1
3.0142	   503	0.7499	     0
3.0234	   531	0.7516	     0
3.0327	   529	0.7532	     0
3.0420	   509	0.7549	     0
3.0513	   511	0.7565	     0
3.0605	   505	0.7582	     0
3.0698	   541	0.7599	     1
3.0791	   531	0.7615	     0
3.0884	   499	0.7632	     0
3.0977	   528	0.7648	     0
3.1069	   489	0.7665	     0
3.1162	   530	0.7682	     0
3.1255	   483	0.7698	     0
3.1348	   502	0.7715	     0
3.1440	   498	0.7731	     0
3.1533	   510	0.7748	     0
3.1626	   513	0.7765	     0
3.1719	   448	0.7781	     0
3.1812	   456	0.7798	     0
3.1904	   434	0.7814	     0
3.1997	   410	0.7831	     1
3.2090	   436	0.7848	     0
3.2183	   412	0.7864	     0
3.2275	   415	0.7881	     0
3.2368	   437	0.7897	     0
3.2461	   394	0.7914	     0
3.2554	   374	0.7931	     1
3.2646	   390	0.7947	     0
3.2739	   394	0.7964	     0
3.2832	   386	0.7980	     0
3.2925	   371	0.7997	     0
3.3018	   341	0.8014	     1
3.3110	   341	0.8030	     0
3.3203	   339	0.8047	     0
3.3296	   339	0.8063	     0
3.3389	   326	0.8080	     0
3.3481	   333	0.8097	     0
3.3574	   336	0.8113	     0
3.3667	   310	0.8130	     0
3.3760	   322	0.8146	     0
3.3853	   301	0.8163	     0
3.3945	   305	0.8180	     0
3.4038	   327	0.8196	     0
3.4131	   293	0.8213	     0
3.4224	   314	0.8229	     0
3.4316	   323	0.8246	     0
3.4409	   318	0.8263	     0
3.4502	   281	0.8279	     0
3.4595	   305	0.8296	     0
3.4688	   310	0.8313	     0
3.4780	   311	0.8329	     0
3.4873	   281	0.8346	     0
3.4966	   310	0.8362	     0
3.5059	   295	0.8379	     0
3.5151	   298	0.8396	     1
3.5244	   271	0.8412	     0
3.5337	   313	0.8429	     0
3.5430	   306	0.8445	     0
3.5522	   278	0.8462	     1
3.5615	   301	0.8479	     0
3.5708	   323	0.8495	     0
3.5801	   312	0.8512	     0
3.5894	   272	0.8528	     0
3.5986	   281	0.8545	     1
3.6079	   298	0.8562	     0
3.6172	   249	0.8578	     0
3.6265	   311	0.8595	     0
3.6357	   281	0.8611	     0
3.6450	   290	0.8628	     0
3.6543	   281	0.8645	     0
3.6636	   273	0.8661	     0
3.6729	   242	0.8678	     0
3.6821	   294	0.8694	     0
3.6914	   268	0.8711	     0
3.7007	   277	0.8728	     0
3.7100	   276	0.8744	     0
3.7192	   266	0.8761	     0
3.7285	   267	0.8777	     0
3.7378	   292	0.8794	     0
3.7471	   291	0.8811	     0
3.7563	   308	0.8827	     0
3.7656	   289	0.8844	     0
3.7749	   287	0.8860	     0
3.7842	   297	0.8877	     0
3.7935	   300	0.8894	     0
3.8027	   275	0.8910	     0
3.8120	   246	0.8927	     1
3.8213	   282	0.8943	     0
3.8306	   341	0.8960	     0
3.8398	   274	0.8977	     0
3.8491	   305	0.8993	     0
3.8584	   309	0.9010	     0
3.8677	   299	0.9026	     0
3.8770	   269	0.9043	     0
3.8862	   303	0.9060	     0
3.8955	   334	0.9076	     1
3.9048	   296	0.9093	     0
3.9141	   345	0.9109	     0
3.9233	   305	0.9126	     0
3.9326	   310	0.9143	     0
3.9419	   317	0.9159	     0
3.9512	   283	0.9176	     0
3.9604	   324	0.9192	     0
3.9697	   294	0.9209	     0
3.9790	   326	0.9226	     0
3.9883	   317	0.9242	     1
3.9976	   300	0.9259	     0
4.0068	   318	0.9275	     0
4.0161	   336	0.9292	     0
4.0254	   334	0.9309	     0
4.0347	   339	0.9325	     0
4.0439	   347	0.9342	     0
4.0532	   334	0.9358	     0
4.0625	   317	0.9375	     0
4.0718	   302	0.9392	     0
4.0811	   305	0.9408	     0
4.0903	   340	0.9425	     0
4.0996	   320	0.9441	     0
4.1089	   320	0.9458	     0
4.1182	   306	0.9475	     0
4.1274	   294	0.9491	     0
4.1367	   317	0.9508	     0
4.1460	   346	0.9524	     0
4.1553	   324	0.9541	     0
4.1646	   304	0.9558	     0
4.1738	   352	0.9574	     0
4.1831	   359	0.9591	     1
4.1924	   322	0.9607	     0
4.2017	   361	0.9624	     1
4.2109	   362	0.9641	     0
4.2202	   401	0.9657	     2
4.2295	   401	0.9674	     0
4.2388	   400	0.9690	     0
4.2480	   400	0.9707	     2
4.2573	   429	0.9724	     0
4.2666	   481	0.9740	     0
4.2759	   515	0.9757	     0
4.2852	   531	0.9773	     0
4.2944	   557	0.9790	     0
4.3037	   601	0.9807	     0
4.3130	   636	0.9823	     0
4.3223	   758	0.9840	     0
4.3315	   718	0.9856	     0
4.3408	   888	0.9873	     0
4.3501	   939	0.9890	     0
4.3594	   981	0.9906	     0
4.3687	  1095	0.9923	     0
4.3779	  1217	0.9939	     0
4.3872	  1394	0.9956	     0
4.3965	  1371	0.9973	     0
4.4058	  1625	0.9989	     0
4.4150	  1653	1.0006	     0
4.4243	  1807	1.0022	     0
4.4336	  1994	1.0039	     0
4.4429	  2198	1.0056	     1
4.4521	  2360	1.0072	     0
4.4614	  2525	1.0089	     0
4.4707	  2792	1.0105	     0
4.4800	  2842	1.0122	     0
4.4893	  3117	1.0139	     0
4.4985	  3156	1.0155	     0
4.5078	  3542	1.0172	     0
4.5171	  3686	1.0188	     0
4.5264	  3815	1.0205	     0
4.5356	  4058	1.0222	     0
4.5449	  4155	1.0238	     0
4.5542	  4416	1.0255	     0
4.5635	  4556	1.0271	     0
4.5728	  4734	1.0288	     0
4.5820	  4850	1.0305	     0
4.5913	  4967	1.0321	     0
4.6006	  5146	1.0338	     0
4.6099	  5277	1.0354	     0
4.6191	  5252	1.0371	     0
4.6284	  5195	1.0388	     0
4.6377	  5412	1.0404	     0
4.6470	  5415	1.0421	     0
4.6563	  5432	1.0438	     0
4.6655	  5446	1.0454	     0
4.6748	  5432	1.0471	     0
4.6841	  5327	1.0487	     0
4.6934	  5233	1.0504	     0
4.7026	  4965	1.0521	     1
4.7119	  4963	1.0537	     0
4.7212	  4792	1.0554	     0
4.7305	  4626	1.0570	     0
4.7397	  4494	1.0587	     0
4.7490	  4204	1.0604	     0
4.7583	  4097	1.0620	     0
4.7676	  3940	1.0637	     0
4.7769	  3647	1.0653	     0
4.7861	  3504	1.0670	     0
4.7954	  3188	1.0687	     0
4.8047	  3026	1.0703	     0
4.8140	  2776	1.0720	     0
4.8232	  2684	1.0736	     0
4.8325	  2404	1.0753	     0
4.8418	  2183	1.0770	     0
4.8511	  2014	1.0786	     0
4.8604	  1899	1.0803	     0
4.8696	  1649	1.0819	     0
4.8789	  1451	1.0836	     0
4.8882	  1316	1.0853	     0
4.8975	  1213	1.0869	     0
4.9067	  1017	1.0886	     0
4.9160	   878	1.0902	     0
4.9253	   825	1.0919	     0
4.9346	   727	1.0936	     0
4.9438	   637	1.0952	     0
4.9531	   532	1.0969	     0
4.9624	   505	1.0985	     0
4.9717	   370	1.1002	     0
4.9810	   320	1.1019	     0
4.9902	   295	1.1035	     0
4.9995	   217	1.1052	     0
5.0088	   218	1.1068	     0
5.0181	   161	1.1085	     0
5.0273	   157	1.1102	     0
5.0366	   117	1.1118	     0
5.0459	    96	1.1135	     0
5.0552	    91	1.1151	     0
5.0645	    84	1.1168	     0
5.0737	    65	1.1185	     0
5.0830	    63	1.1201	     0
5.0923	    46	1.1218	     0
5.1016	    41	1.1234	     0
5.1108	    43	1.1251	     0
5.1201	    25	1.1268	     0
5.1294	    27	1.1284	     0
5.1387	    22	1.1301	     0
5.1479	    25	1.1317	     0
5.1572	    19	1.1334	     0
5.1665	    21	1.1351	     0
5.1758	    17	1.1367	     0
5.1851	    19	1.1384	     0
5.1943	     6	1.1400	     0
5.2036	    18	1.1417	     0
5.2129	    16	1.1434	     0
5.2222	    24	1.1450	     0
5.2314	    17	1.1467	     0
5.2407	     9	1.1483	     0
5.2500	    16	1.1500	     0
5.2593	     7	1.1517	     0
5.2686	    20	1.1533	     0
5.2778	    17	1.1550	     0
5.2871	    13	1.1566	     0
5.2964	    17	1.1583	     0
5.3057	     9	1.1600	     0
5.3149	    16	1.1616	     1
5.3242	    15	1.1633	     0
5.3335	    12	1.1649	     0
5.3428	    15	1.1666	     0
5.3521	    17	1.1683	     0
5.3613	    23	1.1699	     1
5.3706	     8	1.1716	     0
5.3799	    16	1.1732	     0
5.3892	    14	1.1749	     0
5.3984	    10	1.1766	     0
5.4077	    18	1.1782	     1
5.4170	    13	1.1799	     0
5.4263	    17	1.1815	     0
5.4355	    15	1.1832	     0
5.4448	     9	1.1849	     0
5.4541	    11	1.1865	     0
5.4634	    14	1.1882	     0
5.4727	    15	1.1898	     0
5.4819	    14	1.1915	     0
5.4912	    14	1.1932	     0
5.5005	    12	1.1948	     0
5.5098	    12	1.1965	     2
5.5190	    18	1.1981	     0
5.5283	    13	1.1998	     0
5.5376	    11	1.2015	     0
5.5469	    12	1.2031	     0
5.5562	    14	1.2048	     0
5.5654	    17	1.2064	     0
5.5747	    11	1.2081	     0
5.5840	    13	1.2098	     1
5.5933	    16	1.2114	     0
5.6025	    14	1.2131	     0
5.6118	    19	1.2147	     0
5.6211	     6	1.2164	     0
5.6304	    11	1.2181	     0
5.6396	    17	1.2197	     0
5.6489	    15	1.2214	     0
5.6582	    10	1.2230	     0
5.6675	    12	1.2247	     0
5.6768	    17	1.2264	     0
5.6860	    11	1.2280	     0
5.6953	     8	1.2297	     0
5.7046	    16	1.2313	     0
5.7139	    16	1.2330	     0
5.7231	     8	1.2347	     0
5.7324	    13	1.2363	     0
5.7417	    14	1.2380	     0
5.7510	    12	1.2396	     0
5.7603	    10	1.2413	     0
5.7695	    15	1.2430	     0
5.7788	     6	1.2446	     0
5.7881	    14	1.2463	     0
5.7974	    12	1.2479	     0
5.8066	     7	1.2496	     1
5.8159	    12	1.2513	     0
5.8252	     9	1.2529	     0
5.8345	    15	1.2546	     0
5.8438	    16	1.2562	     1
5.8530	    19	1.2579	     0
5.8623	    15	1.2596	     0
5.8716	    11	1.2612	     0
5.8809	    14	1.2629	     0
5.8901	     9	1.2646	     0
5.8994	    14	1.2662	     0
5.9087	    14	1.2679	     0
5.9180	     9	1.2695	     0
5.9272	     8	1.2712	     0
5.9365	    18	1.2729	     0
5.9458	    19	1.2745	     0
5.9551	     9	1.2762	     0
5.9644	    18	1.2778	     0
5.9736	    18	1.2795	     0
5.9829	    17	1.2812	     0
5.9922	    12	1.2828	     0
6.0015	    11	1.2845	     0
6.0107	     9	1.2861	     0
6.0200	    10	1.2878	     0
6.0293	    12	1.2895	     0
6.0386	     9	1.2911	     1
6.0479	    13	1.2928	     0
6.0571	     8	1.2944	     1
6.0664	     8	1.2961	     0
6.0757	     9	1.2978	     0
6.0850	    12	1.2994	     0
6.0942	    11	1.3011	     0
6.1035	    10	1.3027	     0
6.1128	    14	1.3044	     0
6.1221	    11	1.3061	     1
6.1313	    11	1.3077	     0
6.1406	    14	1.3094	     0
6.1499	    11	1.3110	     0
6.1592	    14	1.3127	     0
6.1685	    14	1.3144	     1
6.1777	     6	1.3160	     0
6.1870	    13	1.3177	     0
6.1963	    12	1.3193	     0
6.2056	    12	1.3210	     0
6.2148	    15	1.3227	     0
6.2241	     7	1.3243	     1
6.2334	    14	1.3260	     0
6.2427	    16	1.3276	     0
6.2520	    14	1.3293	     0
6.2612	    13	1.3310	     0
6.2705	    15	1.3326	     0
6.2798	    12	1.3343	     0
6.2891	     8	1.3359	     0
6.2983	    15	1.3376	     0
6.3076	     8	1.3393	     0
6.3169	     9	1.3409	     0
6.3262	    12	1.3426	     0
6.3354	     9	1.3442	     0
6.3447	    16	1.3459	     0
6.3540	    15	1.3476	     0
6.3633	    15	1.3492	     0
6.3726	    14	1.3509	     0
6.3818	    11	1.3525	     1
6.3911	    12	1.3542	     0
6.4004	    14	1.3559	     0
6.4097	    16	1.3575	     0
6.4189	    18	1.3592	     0
6.4282	    13	1.3608	     0
6.4375	    10	1.3625	     0
6.4468	    10	1.3642	     0
6.4561	    14	1.3658	     0
6.4653	    10	1.3675	     0
6.4746	    11	1.3691	     0
6.4839	    17	1.3708	     1
6.4932	    12	1.3725	     0
6.5024	    16	1.3741	     0
6.5117	    12	1.3758	     0
6.5210	     9	1.3774	     0
6.5303	    12	1.3791	     0
6.5396	     9	1.3808	     0
6.5488	    18	1.3824	     0
6.5581	    14	1.3841	     0
6.5674	    10	1.3857	     0
6.5767	    19	1.3874	     0
6.5859	    11	1.3891	     0
6.5952	    13	1.3907	     0
6.6045	    18	1.3924	     0
6.6138	    11	1.3940	     0
6.6230	    16	1.3957	     0
6.6323	     7	1.3974	     0
6.6416	    10	1.3990	     0
6.6509	    10	1.4007	     0
6.6602	    13	1.4023	     0
6.6694	     7	1.4040	     0
6.6787	    15	1.4057	     0
6.6880	    15	1.4073	     0
6.6973	    13	1.4090	     0
6.7065	     9	1.4106	     0
6.7158	    12	1.4123	     0
6.7251	    12	1.4140	     0
6.7344	    12	1.4156	     0
6.7437	    15	1.4173	     0
6.7529	    13	1.4189	     0
6.7622	    11	1.4206	     0
6.7715	     5	1.4223	     0
6.7808	     5	1.4239	     0
6.7900	    12	1.4256	     0
6.7993	    15	1.4272	     0
6.8086	    13	1.4289	     0
6.8179	    14	1.4306	     0
6.8271	    10	1.4322	     0
6.8364	    13	1.4339	     0
6.8457	    22	1.4355	     0
6.8550	    12	1.4372	     0
6.8643	    15	1.4389	     1
6.8735	    14	1.4405	     0
6.8828	     9	1.4422	     0
6.8921	    10	1.4438	     0
6.9014	     7	1.4455	     0
6.9106	    10	1.4472	     0
6.9199	    13	1.4488	     0
6.9292	    13	1.4505	     0
6.9385	    14	1.4521	     0
6.9478	    13	1.4538	     0
6.9570	    10	1.4555	     0
6.9663	    11	1.4571	     0
6.9756	    10	1.4588	     0
6.9849	     7	1.4604	     0
6.9941	    13	1.4621	     0
7.0034	     5	1.4638	     0
7.0127	     9	1.4654	     1
7.0220	     9	1.4671	     1
7.0313	     9	1.4688	     0
7.0405	    14	1.4704	     0
7.0498	    14	1.4721	     0
7.0591	     7	1.4737	     0
7.0684	    10	1.4754	     0
7.0776	    14	1.4771	     0
7.0869	     9	1.4787	     0
7.0962	     9	1.4804	     0
7.1055	     7	1.4820	     0
7.1147	     7	1.4837	     0
7.1240	     3	1.4854	     0
7.1333	    13	1.4870	     1
7.1426	     5	1.4887	     0
7.1519	    10	1.4903	     0
7.1611	    15	1.4920	     0
7.1704	    18	1.4937	     0
7.1797	    14	1.4953	     0
7.1890	     9	1.4970	     0
7.1982	     7	1.4986	     0
7.2075	    11	1.5003	     0
7.2168	    15	1.5020	     0
7.2261	    11	1.5036	     0
7.2354	    10	1.5053	     0
7.2446	     9	1.5069	     0
7.2539	    10	1.5086	     0
7.2632	     7	1.5103	     0
7.2725	    12	1.5119	     0
7.2817	    11	1.5136	     0
7.2910	     7	1.5152	     0
7.3003	    11	1.5169	     0
7.3096	     5	1.5186	     0
7.3188	     8	1.5202	     0
7.3281	     8	1.5219	     0
7.3374	    10	1.5235	     0
7.3467	     8	1.5252	     0
7.3560	    13	1.5269	     0
7.3652	     8	1.5285	     0
7.3745	     5	1.5302	     0
7.3838	    10	1.5318	     0
7.3931	    13	1.5335	     0
7.4023	    10	1.5352	     0
7.4116	     9	1.5368	     0
7.4209	     2	1.5385	     0
7.4302	    10	1.5401	     0
7.4395	    11	1.5418	     0
7.4487	    11	1.5435	     0
7.4580	     6	1.5451	     1
7.4673	    11	1.5468	     0
7.4766	    10	1.5484	     0
7.4858	     9	1.5501	     0
7.4951	    17	1.5518	     0
7.5044	    15	1.5534	     0
7.5137	     9	1.5551	     0
7.5229	    15	1.5567	     0
7.5322	    10	1.5584	     0
7.5415	     4	1.5601	     1
7.5508	     8	1.5617	     0
7.5601	    10	1.5634	     0
7.5693	     6	1.5650	     1
7.5786	    10	1.5667	     0
7.5879	    11	1.5684	     0
7.5972	    11	1.5700	     0
7.6064	     9	1.5717	     0
7.6157	     8	1.5733	     0
7.6250	    15	1.5750	     0
7.6343	    13	1.5767	     0
7.6436	    16	1.5783	     0
7.6528	    10	1.5800	     0
7.6621	    12	1.5816	     1
7.6714	     7	1.5833	     0
7.6807	     8	1.5850	     0
7.6899	    13	1.5866	     0
7.6992	     8	1.5883	     0
7.7085	    15	1.5899	     0
7.7178	    10	1.5916	     0
7.7271	    14	1.5933	     0
7.7363	     8	1.5949	     0
7.7456	    17	1.5966	     0
7.7549	     7	1.5982	     0
7.7642	    15	1.5999	     0
7.7734	    12	1.6016	     0
7.7827	     9	1.6032	     0
7.7920	     4	1.6049	     0
7.8013	     7	1.6065	     0
7.8105	     9	1.6082	     0
7.8198	    11	1.6099	     0
7.8291	    14	1.6115	     0
7.8384	     9	1.6132	     0
7.8477	    10	1.6148	     0
7.8569	     7	1.6165	     0
7.8662	     7	1.6182	     0
7.8755	     7	1.6198	     0
7.8848	    17	1.6215	     0
7.8940	     9	1.6231	     0
7.9033	     9	1.6248	     0
7.9126	     5	1.6265	     0
7.9219	    12	1.6281	     0
7.9312	     7	1.6298	     0
7.9404	     9	1.6314	     0
7.9497	     9	1.6331	     0
7.9590	     8	1.6348	     0
7.9683	     6	1.6364	     0
7.9775	     6	1.6381	     0
7.9868	    12	1.6397	     0
7.9961	    10	1.6414	     0
8.0054	     5	1.6431	     0
8.0146	     9	1.6447	     0
8.0239	     4	1.6464	     0
8.0332	    14	1.6480	     0
8.0425	     9	1.6497	     0
8.0518	     8	1.6514	     0
8.0610	     8	1.6530	     0
8.0703	     8	1.6547	     0
8.0796	     9	1.6563	     0
8.0889	     6	1.6580	     1
8.0981	     8	1.6597	     0
8.1074	     8	1.6613	     0
8.1167	     8	1.6630	     0
8.1260	    15	1.6646	     0
8.1353	    17	1.6663	     0
8.1445	     6	1.6680	     0
8.1538	     8	1.6696	     0
8.1631	    10	1.6713	     0
8.1724	     3	1.6729	     0
8.1816	    10	1.6746	     0
8.1909	    15	1.6763	     0
8.2002	    10	1.6779	     1
8.2095	    12	1.6796	     0
8.2188	     8	1.6812	     0
8.2280	    12	1.6829	     0
8.2373	    11	1.6846	     0
8.2466	     6	1.6862	     0
8.2559	     6	1.6879	     0
8.2651	     7	1.6896	     0
8.2744	    12	1.6912	     0
8.2837	    12	1.6929	     0
8.2930	     9	1.6945	     0
8.3022	     7	1.6962	     1
8.3115	     9	1.6979	     0
8.3208	    14	1.6995	     1
8.3301	     8	1.7012	     0
8.3394	     2	1.7028	     0
8.3486	     9	1.7045	     0
8.3579	    10	1.7062	     0
8.3672	     5	1.7078	     0
8.3765	     6	1.7095	     0
8.3857	     9	1.7111	     0
8.3950	    14	1.7128	     0
8.4043	     6	1.7145	     0
8.4136	    13	1.7161	     0
8.4229	     9	1.7178	     1
8.4321	     6	1.7194	     0
8.4414	     8	1.7211	     0
8.4507	     6	1.7228	     1
8.4600	    10	1.7244	     0
8.4692	     7	1.7261	     0
8.4785	    14	1.7277	     0
8.4878	     6	1.7294	     1
8.4971	     4	1.7311	     0
8.5063	     4	1.7327	     0
8.5156	     8	1.7344	     0
8.5249	     5	1.7360	     0
8.5342	     3	1.7377	     0
8.5435	    11	1.7394	     0
8.5527	     8	1.7410	     0
8.5620	     6	1.7427	     0
8.5713	     8	1.7443	     0
8.5806	     6	1.7460	     0
8.5898	    11	1.7477	     0
8.5991	     5	1.7493	     0
8.6084	     5	1.7510	     0
8.6177	     6	1.7526	     0
8.6270	     4	1.7543	     1
8.6362	     8	1.7560	     0
8.6455	    11	1.7576	     1
8.6548	    11	1.7593	     0
8.6641	     6	1.7609	     0
8.6733	    10	1.7626	     0
8.6826	     3	1.7643	     0
8.6919	     7	1.7659	     0
8.7012	     9	1.7676	     0
8.7104	     6	1.7692	     0
8.7197	     8	1.7709	     0
8.7290	     9	1.7726	     0
8.7383	     6	1.7742	     0
8.7476	     8	1.7759	     1
8.7568	     7	1.7775	     0
8.7661	     1	1.7792	     0
8.7754	     5	1.7809	     0
8.7847	     2	1.7825	     0
8.7939	     5	1.7842	     0
8.8032	     5	1.7858	     1
8.8125	     8	1.7875	     0
8.8218	     5	1.7892	     0
8.8311	     4	1.7908	     0
8.8403	     6	1.7925	     0
8.8496	     4	1.7941	     0
8.8589	     5	1.7958	     0
8.8682	     6	1.7975	     0
8.8774	     4	1.7991	     0
8.8867	     4	1.8008	     0
8.8960	     3	1.8024	     0
8.9053	     3	1.8041	     0
8.9146	     4	1.8058	     0
8.9238	     3	1.8074	     0
8.9331	     1	1.8091	     0
8.9424	     3	1.8107	     0
8.9517	     8	1.8124	     0
8.9609	     7	1.8141	     0
8.9702	     3	1.8157	     0
8.9795	     4	1.8174	     0
8.9888	     4	1.8190	     0
8.9980	     4	1.8207	     0
9.0073	     8	1.8224	     0
9.0166	     6	1.8240	     0
9.0259	     7	1.8257	     0
9.0352	     5	1.8273	     0
9.0444	     3	1.8290	     0
9.0537	     3	1.8307	     0
9.0630	     2	1.8323	     0
9.0723	     4	1.8340	     0
9.0815	     2	1.8356	     0
9.0908	     6	1.8373	     0
9.1001	     9	1.8390	     0
9.1094	     5	1.8406	     1
9.1187	     6	1.8423	     0
9.1279	     8	1.8439	     0
9.1372	     1	1.8456	     0
9.1465	     5	1.8473	     0
9.1558	     8	1.8489	     1
9.1650	     6	1.8506	     0
9.1743	     8	1.8522	     0
9.1836	     8	1.8539	     1
9.1929	     6	1.8556	     0
9.2021	     2	1.8572	     0
9.2114	     7	1.8589	     0
9.2207	     4	1.8605	     1
9.2300	     7	1.8622	     0
9.2393	     2	1.8639	     0
9.2485	    11	1.8655	     0
9.2578	     6	1.8672	     0
9.2671	     3	1.8688	     0
9.2764	     3	1.8705	     0
9.2856	     6	1.8722	     0
9.2949	    12	1.8738	     0
9.3042	     9	1.8755	     0
9.3135	    10	1.8771	     0
9.3228	    10	1.8788	     0
9.3320	     9	1.8805	     0
9.3413	    11	1.8821	     0
9.3506	    10	1.8838	     0
9.3599	    12	1.8854	     0
9.3691	     9	1.8871	     0
9.3784	     6	1.8888	     0
9.3877	    13	1.8904	     0
9.3970	     6	1.8921	     0
9.4063	    10	1.8938	     0
9.4155	    12	1.8954	     0
9.4248	    10	1.8971	     1
9.4341	    14	1.8987	     0
9.4434	    15	1.9004	     0
9.4526	    14	1.9021	     0
9.4619	    17	1.9037	     0
9.4712	    13	1.9054	     0
9.4805	    22	1.9070	     0
9.4897	    20	1.9087	     0
9.4990	    22	1.9104	     0
9.5083	    25	1.9120	     0
9.5176	    21	1.9137	     0
9.5269	    35	1.9153	     0
9.5361	    21	1.9170	     0
9.5454	    20	1.9187	     0
9.5547	    34	1.9203	     0
9.5640	    27	1.9220	     0
9.5732	    26	1.9236	     0
9.5825	    31	1.9253	     0
9.5918	    33	1.9270	     1
9.6011	    29	1.9286	     0
9.6104	    24	1.9303	     0
9.6196	    22	1.9319	     0
9.6289	    32	1.9336	     0
9.6382	    34	1.9353	     0
9.6475	    29	1.9369	     0
9.6567	    29	1.9386	     0
9.6660	    31	1.9402	     0
9.6753	    25	1.9419	     0
9.6846	    30	1.9436	     0
9.6938	    31	1.9452	     0
9.7031	    22	1.9469	     0
9.7124	    25	1.9485	     0
9.7217	    25	1.9502	     0
9.7310	    28	1.9519	     0
9.7402	    32	1.9535	     0
9.7495	    21	1.9552	     0
9.7588	    22	1.9568	     0
9.7681	    22	1.9585	     0
9.7773	    15	1.9602	     0
9.7866	    23	1.9618	     0
9.7959	    24	1.9635	     0
9.8052	    15	1.9651	     0
9.8145	    11	1.9668	     0
9.8237	    10	1.9685	     0
9.8330	    15	1.9701	     0
9.8423	    14	1.9718	     0
9.8516	    13	1.9734	     0
9.8608	    10	1.9751	     0
9.8701	     8	1.9768	     0
9.8794	    11	1.9784	     0
9.8887	     7	1.9801	     0
9.8979	     4	1.9817	     0
9.9072	     4	1.9834	     0
9.9165	     7	1.9851	     0
9.9258	     8	1.9867	     0
9.9351	     4	1.9884	     0
9.9443	     5	1.9900	     0
9.9536	     8	1.9917	     0
9.9629	     4	1.9934	     0
9.9722	     5	1.9950	     0
9.9814	     3	1.9967	     0
9.9907	     3	1.9983	     0
