12/02/2019 12:23:11
LT: 317.37

0.5000	   601	0.3000	     0
0.5093	   703	0.3017	     0
0.5186	   667	0.3033	     0
0.5278	   601	0.3050	     0
0.5371	   602	0.3066	     0
0.5464	   630	0.3083	     0
0.5557	   639	0.3100	     0
0.5649	   606	0.3116	     0
0.5742	   594	0.3133	     0
0.5835	   530	0.3149	     0
0.5928	   616	0.3166	     0
0.6021	   528	0.3183	     0
0.6113	   544	0.3199	     0
0.6206	   563	0.3216	     0
0.6299	   575	0.3232	     0
0.6392	   571	0.3249	     0
0.6484	   552	0.3266	     0
0.6577	   552	0.3282	     0
0.6670	   538	0.3299	     0
0.6763	   526	0.3315	     0
0.6855	   516	0.3332	     2
0.6948	   576	0.3349	     1
0.7041	   559	0.3365	     0
0.7134	   499	0.3382	     0
0.7227	   458	0.3398	     1
0.7319	   538	0.3415	     0
0.7412	   480	0.3432	     0
0.7505	   448	0.3448	     0
0.7598	   445	0.3465	     0
0.7690	   426	0.3481	     1
0.7783	   435	0.3498	     1
0.7876	   423	0.3515	     0
0.7969	   416	0.3531	     0
0.8062	   443	0.3548	     2
0.8154	   387	0.3564	     1
0.8247	   401	0.3581	     0
0.8340	   368	0.3598	     0
0.8433	   400	0.3614	     1
0.8525	   381	0.3631	     0
0.8618	   360	0.3647	     0
0.8711	   347	0.3664	     0
0.8804	   337	0.3681	     0
0.8896	   325	0.3697	     0
0.8989	   326	0.3714	     0
0.9082	   318	0.3730	     0
0.9175	   340	0.3747	     0
0.9268	   305	0.3764	     2
0.9360	   312	0.3780	     0
0.9453	   307	0.3797	     0
0.9546	   296	0.3813	     0
0.9639	   289	0.3830	     0
0.9731	   317	0.3847	     1
0.9824	   283	0.3863	     0
0.9917	   284	0.3880	     0
1.0010	   269	0.3896	     0
1.0103	   258	0.3913	     0
1.0195	   290	0.3930	     0
1.0288	   275	0.3946	     0
1.0381	   290	0.3963	     0
1.0474	   303	0.3979	     0
1.0566	   252	0.3996	     0
1.0659	   250	0.4013	     0
1.0752	   234	0.4029	     0
1.0845	   279	0.4046	     0
1.0938	   257	0.4063	     0
1.1030	   255	0.4079	     0
1.1123	   234	0.4096	     1
1.1216	   252	0.4112	     0
1.1309	   264	0.4129	     0
1.1401	   276	0.4146	     0
1.1494	   282	0.4162	     0
1.1587	   256	0.4179	     0
1.1680	   262	0.4195	     0
1.1772	   261	0.4212	     0
1.1865	   243	0.4229	     1
1.1958	   259	0.4245	     0
1.2051	   218	0.4262	     0
1.2144	   240	0.4278	     0
1.2236	   216	0.4295	     0
1.2329	   216	0.4312	     0
1.2422	   218	0.4328	     0
1.2515	   181	0.4345	     0
1.2607	   213	0.4361	     1
1.2700	   212	0.4378	     0
1.2793	   231	0.4395	     0
1.2886	   205	0.4411	     0
1.2979	   212	0.4428	     0
1.3071	   226	0.4444	     0
1.3164	   224	0.4461	     0
1.3257	   193	0.4478	     0
1.3350	   196	0.4494	     0
1.3442	   220	0.4511	     0
1.3535	   223	0.4527	     0
1.3628	   203	0.4544	     0
1.3721	   216	0.4561	     0
1.3813	   215	0.4577	     0
1.3906	   200	0.4594	     0
1.3999	   205	0.4610	     0
1.4092	   192	0.4627	     0
1.4185	   217	0.4644	     0
1.4277	   204	0.4660	     1
1.4370	   214	0.4677	     0
1.4463	   205	0.4693	     0
1.4556	   196	0.4710	     0
1.4648	   192	0.4727	     0
1.4741	   192	0.4743	     0
1.4834	   198	0.4760	     0
1.4927	   194	0.4776	     0
1.5020	   185	0.4793	     0
1.5112	   200	0.4810	     1
1.5205	   177	0.4826	     0
1.5298	   200	0.4843	     0
1.5391	   188	0.4859	     0
1.5483	   180	0.4876	     0
1.5576	   194	0.4893	     0
1.5669	   167	0.4909	     0
1.5762	   213	0.4926	     0
1.5854	   206	0.4942	     0
1.5947	   215	0.4959	     0
1.6040	   169	0.4976	     0
1.6133	   192	0.4992	     0
1.6226	   186	0.5009	     0
1.6318	   225	0.5025	     0
1.6411	   185	0.5042	     0
1.6504	   189	0.5059	     0
1.6597	   201	0.5075	     0
1.6689	   201	0.5092	     0
1.6782	   202	0.5108	     0
1.6875	   218	0.5125	     0
1.6968	   195	0.5142	     0
1.7061	   186	0.5158	     0
1.7153	   179	0.5175	     0
1.7246	   192	0.5191	     1
1.7339	   230	0.5208	     0
1.7432	   186	0.5225	     0
1.7524	   190	0.5241	     0
1.7617	   193	0.5258	     0
1.7710	   202	0.5274	     0
1.7803	   183	0.5291	     0
1.7896	   203	0.5308	     0
1.7988	   181	0.5324	     0
1.8081	   201	0.5341	     0
1.8174	   188	0.5357	     1
1.8267	   194	0.5374	     0
1.8359	   224	0.5391	     0
1.8452	   181	0.5407	     0
1.8545	   193	0.5424	     0
1.8638	   202	0.5440	     0
1.8730	   179	0.5457	     0
1.8823	   190	0.5474	     0
1.8916	   178	0.5490	     0
1.9009	   209	0.5507	     0
1.9102	   200	0.5523	     0
1.9194	   189	0.5540	     1
1.9287	   225	0.5557	     0
1.9380	   169	0.5573	     0
1.9473	   192	0.5590	     0
1.9565	   201	0.5606	     0
1.9658	   181	0.5623	     0
1.9751	   158	0.5640	     0
1.9844	   168	0.5656	     0
1.9937	   179	0.5673	     0
2.0029	   154	0.5689	     0
2.0122	   175	0.5706	     1
2.0215	   167	0.5723	     0
2.0308	   160	0.5739	     0
2.0400	   119	0.5756	     0
2.0493	   152	0.5772	     0
2.0586	   126	0.5789	     0
2.0679	   137	0.5806	     0
2.0771	   143	0.5822	     0
2.0864	   142	0.5839	     0
2.0957	   128	0.5855	     0
2.1050	   145	0.5872	     0
2.1143	   143	0.5889	     0
2.1235	   123	0.5905	     0
2.1328	   112	0.5922	     0
2.1421	   111	0.5938	     0
2.1514	   114	0.5955	     0
2.1606	   108	0.5972	     1
2.1699	   116	0.5988	     0
2.1792	   102	0.6005	     0
2.1885	   117	0.6021	     0
2.1978	   119	0.6038	     0
2.2070	   120	0.6055	     0
2.2163	   117	0.6071	     0
2.2256	   108	0.6088	     0
2.2349	   100	0.6104	     0
2.2441	   115	0.6121	     0
2.2534	   110	0.6138	     0
2.2627	   117	0.6154	     0
2.2720	   107	0.6171	     0
2.2813	    91	0.6187	     0
2.2905	   101	0.6204	     1
2.2998	    91	0.6221	     0
2.3091	   103	0.6237	     0
2.3184	    93	0.6254	     0
2.3276	   105	0.6271	     0
2.3369	   109	0.6287	     0
2.3462	   114	0.6304	     0
2.3555	   107	0.6320	     0
2.3647	   108	0.6337	     0
2.3740	   118	0.6354	     0
2.3833	    89	0.6370	     0
2.3926	   122	0.6387	     1
2.4019	   102	0.6403	     0
2.4111	   123	0.6420	     0
2.4204	   101	0.6437	     0
2.4297	   106	0.6453	     0
2.4390	    90	0.6470	     0
2.4482	   106	0.6486	     0
2.4575	   129	0.6503	     0
2.4668	   111	0.6520	     0
2.4761	   117	0.6536	     0
2.4854	   131	0.6553	     0
2.4946	   147	0.6569	     0
2.5039	   142	0.6586	     0
2.5132	   157	0.6603	     0
2.5225	   219	0.6619	     0
2.5317	   235	0.6636	     0
2.5410	   275	0.6652	     0
2.5503	   315	0.6669	     1
2.5596	   361	0.6686	     1
2.5688	   432	0.6702	     0
2.5781	   491	0.6719	     0
2.5874	   479	0.6735	     0
2.5967	   621	0.6752	     0
2.6060	   681	0.6769	     0
2.6152	   774	0.6785	     0
2.6245	   867	0.6802	     0
2.6338	   905	0.6818	     0
2.6431	  1010	0.6835	     0
2.6523	  1045	0.6852	     0
2.6616	  1105	0.6868	     0
2.6709	  1117	0.6885	     0
2.6802	  1106	0.6901	     0
2.6895	  1111	0.6918	     0
2.6987	  1178	0.6935	     0
2.7080	  1090	0.6951	     0
2.7173	  1118	0.6968	     0
2.7266	  1042	0.6984	     0
2.7358	   982	0.7001	     0
2.7451	   852	0.7018	     0
2.7544	   802	0.7034	     0
2.7637	   737	0.7051	     0
2.7729	   647	0.7067	     0
2.7822	   585	0.7084	     0
2.7915	   507	0.7101	     0
2.8008	   410	0.7117	     0
2.8101	   341	0.7134	     0
2.8193	   286	0.7150	     1
2.8286	   224	0.7167	     0
2.8379	   208	0.7184	     0
2.8472	   172	0.7200	     0
2.8564	   123	0.7217	     0
2.8657	   108	0.7233	     0
2.8750	    85	0.7250	     0
2.8843	    73	0.7267	     0
2.8936	    72	0.7283	     0
2.9028	    49	0.7300	     0
2.9121	    50	0.7316	     1
2.9214	    29	0.7333	     0
2.9307	    35	0.7350	     0
2.9399	    40	0.7366	     0
2.9492	    35	0.7383	     0
2.9585	    32	0.7399	     0
2.9678	    30	0.7416	     0
2.9771	    28	0.7433	     0
2.9863	    31	0.7449	     0
2.9956	    25	0.7466	     0
3.0049	    20	0.7482	     0
3.0142	    32	0.7499	     0
3.0234	    29	0.7516	     0
3.0327	    22	0.7532	     0
3.0420	    25	0.7549	     0
3.0513	    20	0.7565	     0
3.0605	    30	0.7582	     0
3.0698	    24	0.7599	     0
3.0791	    26	0.7615	     0
3.0884	    23	0.7632	     0
3.0977	    11	0.7648	     0
3.1069	    21	0.7665	     0
3.1162	    22	0.7682	     0
3.1255	    26	0.7698	     0
3.1348	    20	0.7715	     0
3.1440	    27	0.7731	     0
3.1533	    21	0.7748	     0
3.1626	    21	0.7765	     0
3.1719	    25	0.7781	     0
3.1812	    20	0.7798	     0
3.1904	    23	0.7814	     0
3.1997	    24	0.7831	     0
3.2090	    29	0.7848	     0
3.2183	    20	0.7864	     0
3.2275	    24	0.7881	     0
3.2368	    18	0.7897	     0
3.2461	    24	0.7914	     0
3.2554	    17	0.7931	     0
3.2646	    19	0.7947	     0
3.2739	    14	0.7964	     0
3.2832	    22	0.7980	     0
3.2925	    18	0.7997	     1
3.3018	    20	0.8014	     0
3.3110	    16	0.8030	     0
3.3203	    18	0.8047	     0
3.3296	     9	0.8063	     0
3.3389	    16	0.8080	     0
3.3481	    16	0.8097	     0
3.3574	    18	0.8113	     0
3.3667	    14	0.8130	     0
3.3760	    14	0.8146	     0
3.3853	    13	0.8163	     0
3.3945	    19	0.8180	     0
3.4038	    19	0.8196	     0
3.4131	    13	0.8213	     0
3.4224	    21	0.8229	     1
3.4316	    17	0.8246	     0
3.4409	    23	0.8263	     0
3.4502	    13	0.8279	     0
3.4595	    21	0.8296	     0
3.4688	    19	0.8313	     0
3.4780	    21	0.8329	     0
3.4873	    19	0.8346	     0
3.4966	    21	0.8362	     0
3.5059	    12	0.8379	     0
3.5151	    28	0.8396	     0
3.5244	    12	0.8412	     0
3.5337	    22	0.8429	     0
3.5430	    20	0.8445	     0
3.5522	    27	0.8462	     0
3.5615	    24	0.8479	     0
3.5708	    15	0.8495	     0
3.5801	    16	0.8512	     0
3.5894	    22	0.8528	     0
3.5986	    15	0.8545	     1
3.6079	    18	0.8562	     0
3.6172	    25	0.8578	     0
3.6265	    19	0.8595	     0
3.6357	    17	0.8611	     0
3.6450	    14	0.8628	     0
3.6543	    23	0.8645	     0
3.6636	    19	0.8661	     0
3.6729	    17	0.8678	     0
3.6821	    19	0.8694	     0
3.6914	    21	0.8711	     0
3.7007	    15	0.8728	     0
3.7100	    13	0.8744	     0
3.7192	    11	0.8761	     0
3.7285	     8	0.8777	     0
3.7378	    22	0.8794	     0
3.7471	    27	0.8811	     0
3.7563	    24	0.8827	     0
3.7656	    16	0.8844	     0
3.7749	    23	0.8860	     0
3.7842	    13	0.8877	     0
3.7935	    16	0.8894	     0
3.8027	    12	0.8910	     0
3.8120	    19	0.8927	     0
3.8213	    17	0.8943	     0
3.8306	     8	0.8960	     0
3.8398	     8	0.8977	     0
3.8491	    14	0.8993	     0
3.8584	    13	0.9010	     0
3.8677	    10	0.9026	     0
3.8770	    16	0.9043	     0
3.8862	    11	0.9060	     0
3.8955	    14	0.9076	     0
3.9048	    15	0.9093	     0
3.9141	    12	0.9109	     0
3.9233	    19	0.9126	     0
3.9326	    17	0.9143	     0
3.9419	    12	0.9159	     0
3.9512	    11	0.9176	     0
3.9604	    12	0.9192	     0
3.9697	    14	0.9209	     0
3.9790	    13	0.9226	     0
3.9883	    12	0.9242	     1
3.9976	    14	0.9259	     0
4.0068	    12	0.9275	     1
4.0161	    20	0.9292	     0
4.0254	     8	0.9309	     0
4.0347	     6	0.9325	     0
4.0439	    11	0.9342	     0
4.0532	    12	0.9358	     0
4.0625	     5	0.9375	     0
4.0718	    10	0.9392	     0
4.0811	     4	0.9408	     0
4.0903	     5	0.9425	     0
4.0996	     8	0.9441	     0
4.1089	     6	0.9458	     0
4.1182	     7	0.9475	     0
4.1274	    13	0.9491	     0
4.1367	    11	0.9508	     0
4.1460	     4	0.9524	     0
4.1553	     4	0.9541	     0
4.1646	     5	0.9558	     0
4.1738	     2	0.9574	     0
4.1831	     7	0.9591	     0
4.1924	     9	0.9607	     0
4.2017	     8	0.9624	     0
4.2109	     7	0.9641	     0
4.2202	     6	0.9657	     0
4.2295	     8	0.9674	     0
4.2388	     4	0.9690	     0
4.2480	     7	0.9707	     0
4.2573	     8	0.9724	     0
4.2666	     4	0.9740	     0
4.2759	     3	0.9757	     0
4.2852	     6	0.9773	     0
4.2944	     4	0.9790	     0
4.3037	     9	0.9807	     0
4.3130	     7	0.9823	     0
4.3223	     8	0.9840	     0
4.3315	     9	0.9856	     0
4.3408	     2	0.9873	     0
4.3501	     8	0.9890	     0
4.3594	    11	0.9906	     0
4.3687	     3	0.9923	     0
4.3779	     9	0.9939	     0
4.3872	     9	0.9956	     0
4.3965	     7	0.9973	     0
4.4058	    11	0.9989	     0
4.4150	    10	1.0006	     0
4.4243	     5	1.0022	     0
4.4336	    13	1.0039	     0
4.4429	    11	1.0056	     0
4.4521	    17	1.0072	     0
4.4614	     9	1.0089	     0
4.4707	    13	1.0105	     0
4.4800	     9	1.0122	     0
4.4893	    11	1.0139	     0
4.4985	    19	1.0155	     0
4.5078	    13	1.0172	     0
4.5171	     7	1.0188	     0
4.5264	    17	1.0205	     0
4.5356	    15	1.0222	     0
4.5449	    18	1.0238	     0
4.5542	    12	1.0255	     0
4.5635	    22	1.0271	     0
4.5728	    26	1.0288	     0
4.5820	    26	1.0305	     0
4.5913	    17	1.0321	     0
4.6006	    23	1.0338	     0
4.6099	    27	1.0354	     0
4.6191	    26	1.0371	     0
4.6284	    32	1.0388	     0
4.6377	    37	1.0404	     0
4.6470	    39	1.0421	     0
4.6563	    28	1.0438	     0
4.6655	    40	1.0454	     0
4.6748	    44	1.0471	     0
4.6841	    41	1.0487	     0
4.6934	    37	1.0504	     0
4.7026	    35	1.0521	     0
4.7119	    37	1.0537	     0
4.7212	    36	1.0554	     0
4.7305	    40	1.0570	     0
4.7397	    37	1.0587	     0
4.7490	    36	1.0604	     0
4.7583	    40	1.0620	     0
4.7676	    39	1.0637	     0
4.7769	    33	1.0653	     0
4.7861	    36	1.0670	     0
4.7954	    39	1.0687	     0
4.8047	    28	1.0703	     0
4.8140	    25	1.0720	     0
4.8232	    33	1.0736	     0
4.8325	    21	1.0753	     0
4.8418	    24	1.0770	     0
4.8511	    13	1.0786	     0
4.8604	    16	1.0803	     0
4.8696	    18	1.0819	     0
4.8789	    11	1.0836	     0
4.8882	    12	1.0853	     0
4.8975	    10	1.0869	     0
4.9067	     9	1.0886	     0
4.9160	     7	1.0902	     0
4.9253	    16	1.0919	     0
4.9346	     8	1.0936	     0
4.9438	     5	1.0952	     0
4.9531	     6	1.0969	     0
4.9624	     3	1.0985	     0
4.9717	     4	1.1002	     0
4.9810	    11	1.1019	     0
4.9902	     6	1.1035	     0
4.9995	     2	1.1052	     0
5.0088	     6	1.1068	     0
5.0181	     2	1.1085	     0
5.0273	     2	1.1102	     0
5.0366	     1	1.1118	     0
5.0459	     0	1.1135	     0
5.0552	     7	1.1151	     0
5.0645	     2	1.1168	     0
5.0737	     2	1.1185	     0
5.0830	     5	1.1201	     0
5.0923	     4	1.1218	     0
5.1016	     7	1.1234	     0
5.1108	     5	1.1251	     0
5.1201	     2	1.1268	     0
5.1294	     4	1.1284	     0
5.1387	     5	1.1301	     0
5.1479	     1	1.1317	     0
5.1572	     6	1.1334	     0
5.1665	     0	1.1351	     0
5.1758	     4	1.1367	     0
5.1851	     0	1.1384	     0
5.1943	     2	1.1400	     0
5.2036	     1	1.1417	     0
5.2129	     1	1.1434	     0
5.2222	     5	1.1450	     0
5.2314	     5	1.1467	     0
5.2407	     3	1.1483	     0
5.2500	     8	1.1500	     0
5.2593	     5	1.1517	     0
5.2686	     1	1.1533	     0
5.2778	     2	1.1550	     0
5.2871	     2	1.1566	     0
5.2964	     1	1.1583	     0
5.3057	     2	1.1600	     0
5.3149	     3	1.1616	     0
5.3242	     4	1.1633	     0
5.3335	     3	1.1649	     1
5.3428	     1	1.1666	     0
5.3521	     5	1.1683	     0
5.3613	     3	1.1699	     0
5.3706	     0	1.1716	     0
5.3799	     1	1.1732	     0
5.3892	     2	1.1749	     0
5.3984	     2	1.1766	     0
5.4077	     3	1.1782	     0
5.4170	     2	1.1799	     0
5.4263	     0	1.1815	     0
5.4355	     1	1.1832	     0
5.4448	     6	1.1849	     0
5.4541	     3	1.1865	     0
5.4634	     2	1.1882	     0
5.4727	     4	1.1898	     0
5.4819	     1	1.1915	     0
5.4912	     3	1.1932	     0
5.5005	     3	1.1948	     0
5.5098	     2	1.1965	     0
5.5190	     2	1.1981	     0
5.5283	     4	1.1998	     0
5.5376	     4	1.2015	     0
5.5469	     4	1.2031	     0
5.5562	     4	1.2048	     0
5.5654	     5	1.2064	     0
5.5747	     2	1.2081	     0
5.5840	     2	1.2098	     0
5.5933	     3	1.2114	     0
5.6025	     1	1.2131	     0
5.6118	     2	1.2147	     0
5.6211	     4	1.2164	     0
5.6304	     2	1.2181	     0
5.6396	     4	1.2197	     0
5.6489	     1	1.2214	     0
5.6582	     4	1.2230	     0
5.6675	     3	1.2247	     0
5.6768	     6	1.2264	     0
5.6860	     6	1.2280	     0
5.6953	     1	1.2297	     0
5.7046	     6	1.2313	     0
5.7139	     3	1.2330	     0
5.7231	     2	1.2347	     0
5.7324	     3	1.2363	     0
5.7417	     3	1.2380	     0
5.7510	     7	1.2396	     0
5.7603	     2	1.2413	     0
5.7695	     3	1.2430	     0
5.7788	     6	1.2446	     0
5.7881	     1	1.2463	     0
5.7974	     4	1.2479	     0
5.8066	     1	1.2496	     0
5.8159	     5	1.2513	     0
5.8252	     5	1.2529	     1
5.8345	     8	1.2546	     0
5.8438	     6	1.2562	     0
5.8530	    10	1.2579	     0
5.8623	     5	1.2596	     0
5.8716	     3	1.2612	     0
5.8809	     4	1.2629	     0
5.8901	     4	1.2646	     0
5.8994	     0	1.2662	     0
5.9087	     3	1.2679	     0
5.9180	     4	1.2695	     0
5.9272	     5	1.2712	     0
5.9365	     3	1.2729	     0
5.9458	     3	1.2745	     0
5.9551	     3	1.2762	     0
5.9644	     2	1.2778	     0
5.9736	     0	1.2795	     0
5.9829	     1	1.2812	     0
5.9922	     2	1.2828	     0
6.0015	     1	1.2845	     0
6.0107	     2	1.2861	     0
6.0200	     3	1.2878	     0
6.0293	     2	1.2895	     0
6.0386	     3	1.2911	     0
6.0479	     2	1.2928	     1
6.0571	     4	1.2944	     0
6.0664	     4	1.2961	     0
6.0757	     4	1.2978	     0
6.0850	     1	1.2994	     0
6.0942	     0	1.3011	     0
6.1035	     0	1.3027	     0
6.1128	     1	1.3044	     0
6.1221	     2	1.3061	     0
6.1313	     1	1.3077	     1
6.1406	     2	1.3094	     0
6.1499	     3	1.3110	     0
6.1592	     2	1.3127	     0
6.1685	     4	1.3144	     0
6.1777	     4	1.3160	     0
6.1870	     0	1.3177	     0
6.1963	     0	1.3193	     0
6.2056	     0	1.3210	     0
6.2148	     0	1.3227	     0
6.2241	     3	1.3243	     0
6.2334	     0	1.3260	     0
6.2427	     0	1.3276	     1
6.2520	     3	1.3293	     0
6.2612	     1	1.3310	     0
6.2705	     0	1.3326	     0
6.2798	     1	1.3343	     0
6.2891	     1	1.3359	     0
6.2983	     0	1.3376	     0
6.3076	     0	1.3393	     0
6.3169	     0	1.3409	     0
6.3262	     0	1.3426	     1
6.3354	     1	1.3442	     0
6.3447	     1	1.3459	     0
6.3540	     2	1.3476	     0
6.3633	     2	1.3492	     0
6.3726	     1	1.3509	     0
6.3818	     2	1.3525	     0
6.3911	     3	1.3542	     0
6.4004	     0	1.3559	     0
6.4097	     0	1.3575	     0
6.4189	     1	1.3592	     0
6.4282	     1	1.3608	     0
6.4375	     2	1.3625	     0
6.4468	     1	1.3642	     0
6.4561	     1	1.3658	     0
6.4653	     3	1.3675	     0
6.4746	     0	1.3691	     0
6.4839	     4	1.3708	     0
6.4932	     3	1.3725	     0
6.5024	     2	1.3741	     0
6.5117	     2	1.3758	     0
6.5210	     1	1.3774	     0
6.5303	     3	1.3791	     0
6.5396	     1	1.3808	     0
6.5488	     2	1.3824	     0
6.5581	     0	1.3841	     0
6.5674	     1	1.3857	     0
6.5767	     0	1.3874	     0
6.5859	     1	1.3891	     0
6.5952	     0	1.3907	     0
6.6045	     2	1.3924	     0
6.6138	     2	1.3940	     0
6.6230	     2	1.3957	     0
6.6323	     1	1.3974	     0
6.6416	     3	1.3990	     0
6.6509	     2	1.4007	     0
6.6602	     2	1.4023	     0
6.6694	     3	1.4040	     0
6.6787	     2	1.4057	     0
6.6880	     3	1.4073	     0
6.6973	     1	1.4090	     0
6.7065	     2	1.4106	     0
6.7158	     1	1.4123	     0
6.7251	     1	1.4140	     0
6.7344	     1	1.4156	     0
6.7437	     3	1.4173	     0
6.7529	     1	1.4189	     0
6.7622	     1	1.4206	     0
6.7715	     2	1.4223	     0
6.7808	     2	1.4239	     0
6.7900	     0	1.4256	     0
6.7993	     4	1.4272	     0
6.8086	     2	1.4289	     0
6.8179	     0	1.4306	     0
6.8271	     3	1.4322	     0
6.8364	     4	1.4339	     0
6.8457	     2	1.4355	     0
6.8550	     3	1.4372	     0
6.8643	     0	1.4389	     0
6.8735	     1	1.4405	     0
6.8828	     3	1.4422	     0
6.8921	     4	1.4438	     0
6.9014	     4	1.4455	     0
6.9106	     1	1.4472	     0
6.9199	     3	1.4488	     0
6.9292	     3	1.4505	     0
6.9385	     3	1.4521	     0
6.9478	     3	1.4538	     0
6.9570	     0	1.4555	     0
6.9663	     1	1.4571	     0
6.9756	     1	1.4588	     0
6.9849	     2	1.4604	     0
6.9941	     2	1.4621	     0
7.0034	     2	1.4638	     0
7.0127	     1	1.4654	     0
7.0220	     1	1.4671	     0
7.0313	     2	1.4688	     0
7.0405	     1	1.4704	     0
7.0498	     3	1.4721	     0
7.0591	     0	1.4737	     0
7.0684	     0	1.4754	     0
7.0776	     4	1.4771	     0
7.0869	     3	1.4787	     0
7.0962	     1	1.4804	     0
7.1055	     2	1.4820	     0
7.1147	     2	1.4837	     0
7.1240	     2	1.4854	     0
7.1333	     5	1.4870	     0
7.1426	     0	1.4887	     0
7.1519	     1	1.4903	     0
7.1611	     4	1.4920	     0
7.1704	     1	1.4937	     0
7.1797	     2	1.4953	     0
7.1890	     2	1.4970	     0
7.1982	     1	1.4986	     0
7.2075	     1	1.5003	     0
7.2168	     2	1.5020	     0
7.2261	     1	1.5036	     0
7.2354	     3	1.5053	     0
7.2446	     1	1.5069	     0
7.2539	     1	1.5086	     0
7.2632	     3	1.5103	     0
7.2725	     5	1.5119	     0
7.2817	     1	1.5136	     0
7.2910	     1	1.5152	     0
7.3003	     4	1.5169	     0
7.3096	     2	1.5186	     0
7.3188	     2	1.5202	     0
7.3281	     2	1.5219	     0
7.3374	     1	1.5235	     0
7.3467	     1	1.5252	     0
7.3560	     3	1.5269	     0
7.3652	     3	1.5285	     0
7.3745	     1	1.5302	     0
7.3838	     1	1.5318	     0
7.3931	     2	1.5335	     0
7.4023	     0	1.5352	     0
7.4116	     3	1.5368	     0
7.4209	     1	1.5385	     0
7.4302	     1	1.5401	     0
7.4395	     1	1.5418	     0
7.4487	     0	1.5435	     0
7.4580	     0	1.5451	     0
7.4673	     1	1.5468	     0
7.4766	     2	1.5484	     0
7.4858	     1	1.5501	     0
7.4951	     1	1.5518	     0
7.5044	     1	1.5534	     0
7.5137	     2	1.5551	     0
7.5229	     4	1.5567	     0
7.5322	     0	1.5584	     0
7.5415	     0	1.5601	     0
7.5508	     0	1.5617	     0
7.5601	     0	1.5634	     0
7.5693	     0	1.5650	     0
7.5786	     1	1.5667	     0
7.5879	     0	1.5684	     0
7.5972	     3	1.5700	     0
7.6064	     1	1.5717	     0
7.6157	     0	1.5733	     0
7.6250	     0	1.5750	     0
7.6343	     0	1.5767	     0
7.6436	     0	1.5783	     0
7.6528	     1	1.5800	     0
7.6621	     1	1.5816	     0
7.6714	     2	1.5833	     0
7.6807	     0	1.5850	     0
7.6899	     3	1.5866	     0
7.6992	     1	1.5883	     0
7.7085	     1	1.5899	     0
7.7178	     1	1.5916	     0
7.7271	     0	1.5933	     0
7.7363	     2	1.5949	     0
7.7456	     0	1.5966	     0
7.7549	     0	1.5982	     0
7.7642	     1	1.5999	     0
7.7734	     0	1.6016	     0
7.7827	     0	1.6032	     0
7.7920	     0	1.6049	     0
7.8013	     3	1.6065	     0
7.8105	     3	1.6082	     0
7.8198	     0	1.6099	     0
7.8291	     0	1.6115	     0
7.8384	     0	1.6132	     0
7.8477	     0	1.6148	     0
7.8569	     0	1.6165	     0
7.8662	     0	1.6182	     0
7.8755	     0	1.6198	     0
7.8848	     0	1.6215	     0
7.8940	     1	1.6231	     0
7.9033	     0	1.6248	     0
7.9126	     1	1.6265	     0
7.9219	     1	1.6281	     0
7.9312	     1	1.6298	     0
7.9404	     0	1.6314	     0
7.9497	     1	1.6331	     0
7.9590	     1	1.6348	     0
7.9683	     1	1.6364	     0
7.9775	     1	1.6381	     0
7.9868	     1	1.6397	     0
7.9961	     0	1.6414	     0
8.0054	     0	1.6431	     0
8.0146	     0	1.6447	     0
8.0239	     1	1.6464	     0
8.0332	     1	1.6480	     0
8.0425	     0	1.6497	     0
8.0518	     0	1.6514	     0
8.0610	     1	1.6530	     0
8.0703	     0	1.6547	     0
8.0796	     2	1.6563	     0
8.0889	     0	1.6580	     0
8.0981	     0	1.6597	     0
8.1074	     2	1.6613	     0
8.1167	     0	1.6630	     0
8.1260	     1	1.6646	     0
8.1353	     1	1.6663	     1
8.1445	     1	1.6680	     0
8.1538	     0	1.6696	     0
8.1631	     1	1.6713	     0
8.1724	     2	1.6729	     0
8.1816	     2	1.6746	     0
8.1909	     1	1.6763	     0
8.2002	     2	1.6779	     0
8.2095	     2	1.6796	     0
8.2188	     3	1.6812	     0
8.2280	     2	1.6829	     0
8.2373	     2	1.6846	     0
8.2466	     1	1.6862	     0
8.2559	     5	1.6879	     0
8.2651	     3	1.6896	     0
8.2744	     2	1.6912	     0
8.2837	     2	1.6929	     0
8.2930	     0	1.6945	     0
8.3022	     4	1.6962	     0
8.3115	     1	1.6979	     0
8.3208	     0	1.6995	     0
8.3301	     6	1.7012	     0
8.3394	     2	1.7028	     0
8.3486	     5	1.7045	     0
8.3579	     1	1.7062	     0
8.3672	     1	1.7078	     0
8.3765	     2	1.7095	     0
8.3857	     3	1.7111	     0
8.3950	     0	1.7128	     0
8.4043	     0	1.7145	     0
8.4136	     4	1.7161	     0
8.4229	     3	1.7178	     0
8.4321	     2	1.7194	     0
8.4414	     8	1.7211	     0
8.4507	     2	1.7228	     0
8.4600	     0	1.7244	     0
8.4692	     2	1.7261	     0
8.4785	     1	1.7277	     0
8.4878	     2	1.7294	     0
8.4971	     3	1.7311	     0
8.5063	     2	1.7327	     0
8.5156	     0	1.7344	     0
8.5249	     1	1.7360	     0
8.5342	     1	1.7377	     0
8.5435	     2	1.7394	     0
8.5527	     1	1.7410	     0
8.5620	     1	1.7427	     0
8.5713	     1	1.7443	     0
8.5806	     0	1.7460	     0
8.5898	     0	1.7477	     0
8.5991	     0	1.7493	     0
8.6084	     0	1.7510	     0
8.6177	     2	1.7526	     0
8.6270	     0	1.7543	     0
8.6362	     0	1.7560	     0
8.6455	     0	1.7576	     0
8.6548	     0	1.7593	     0
8.6641	     0	1.7609	     0
8.6733	     1	1.7626	     0
8.6826	     0	1.7643	     0
8.6919	     0	1.7659	     0
8.7012	     1	1.7676	     0
8.7104	     0	1.7692	     0
8.7197	     0	1.7709	     0
8.7290	     0	1.7726	     0
8.7383	     1	1.7742	     0
8.7476	     0	1.7759	     0
8.7568	     0	1.7775	     0
8.7661	     0	1.7792	     0
8.7754	     0	1.7809	     0
8.7847	     0	1.7825	     0
8.7939	     0	1.7842	     0
8.8032	     0	1.7858	     0
8.8125	     0	1.7875	     0
8.8218	     0	1.7892	     0
8.8311	     0	1.7908	     0
8.8403	     0	1.7925	     0
8.8496	     0	1.7941	     0
8.8589	     0	1.7958	     0
8.8682	     0	1.7975	     0
8.8774	     0	1.7991	     0
8.8867	     0	1.8008	     0
8.8960	     0	1.8024	     0
8.9053	     0	1.8041	     0
8.9146	     0	1.8058	     0
8.9238	     0	1.8074	     0
8.9331	     0	1.8091	     0
8.9424	     1	1.8107	     0
8.9517	     0	1.8124	     0
8.9609	     0	1.8141	     0
8.9702	     0	1.8157	     0
8.9795	     0	1.8174	     0
8.9888	     0	1.8190	     0
8.9980	     0	1.8207	     0
9.0073	     0	1.8224	     0
9.0166	     1	1.8240	     0
9.0259	     0	1.8257	     0
9.0352	     0	1.8273	     0
9.0444	     1	1.8290	     0
9.0537	     0	1.8307	     0
9.0630	     0	1.8323	     0
9.0723	     1	1.8340	     0
9.0815	     0	1.8356	     0
9.0908	     0	1.8373	     0
9.1001	     1	1.8390	     0
9.1094	     0	1.8406	     0
9.1187	     1	1.8423	     0
9.1279	     0	1.8439	     0
9.1372	     0	1.8456	     0
9.1465	     0	1.8473	     0
9.1558	     0	1.8489	     0
9.1650	     0	1.8506	     0
9.1743	     0	1.8522	     0
9.1836	     0	1.8539	     0
9.1929	     0	1.8556	     0
9.2021	     0	1.8572	     0
9.2114	     0	1.8589	     0
9.2207	     0	1.8605	     0
9.2300	     0	1.8622	     0
9.2393	     0	1.8639	     0
9.2485	     0	1.8655	     0
9.2578	     0	1.8672	     0
9.2671	     1	1.8688	     0
9.2764	     0	1.8705	     0
9.2856	     1	1.8722	     0
9.2949	     0	1.8738	     0
9.3042	     1	1.8755	     0
9.3135	     0	1.8771	     0
9.3228	     0	1.8788	     0
9.3320	     0	1.8805	     0
9.3413	     0	1.8821	     0
9.3506	     0	1.8838	     0
9.3599	     0	1.8854	     0
9.3691	     0	1.8871	     0
9.3784	     0	1.8888	     0
9.3877	     0	1.8904	     0
9.3970	     0	1.8921	     0
9.4063	     0	1.8938	     0
9.4155	     0	1.8954	     0
9.4248	     0	1.8971	     0
9.4341	     0	1.8987	     0
9.4434	     0	1.9004	     0
9.4526	     1	1.9021	     0
9.4619	     1	1.9037	     0
9.4712	     0	1.9054	     0
9.4805	     1	1.9070	     0
9.4897	     0	1.9087	     0
9.4990	     0	1.9104	     0
9.5083	     0	1.9120	     0
9.5176	     0	1.9137	     0
9.5269	     0	1.9153	     0
9.5361	     0	1.9170	     0
9.5454	     0	1.9187	     0
9.5547	     0	1.9203	     0
9.5640	     0	1.9220	     0
9.5732	     0	1.9236	     0
9.5825	     0	1.9253	     0
9.5918	     0	1.9270	     0
9.6011	     1	1.9286	     0
9.6104	     2	1.9303	     0
9.6196	     0	1.9319	     0
9.6289	     1	1.9336	     0
9.6382	     0	1.9353	     0
9.6475	     0	1.9369	     0
9.6567	     0	1.9386	     0
9.6660	     0	1.9402	     0
9.6753	     0	1.9419	     0
9.6846	     0	1.9436	     0
9.6938	     0	1.9452	     0
9.7031	     0	1.9469	     1
9.7124	     0	1.9485	     0
9.7217	     0	1.9502	     0
9.7310	     1	1.9519	     0
9.7402	     0	1.9535	     0
9.7495	     0	1.9552	     0
9.7588	     0	1.9568	     0
9.7681	     1	1.9585	     0
9.7773	     0	1.9602	     0
9.7866	     0	1.9618	     0
9.7959	     0	1.9635	     0
9.8052	     0	1.9651	     0
9.8145	     0	1.9668	     0
9.8237	     1	1.9685	     0
9.8330	     0	1.9701	     0
9.8423	     0	1.9718	     0
9.8516	     0	1.9734	     0
9.8608	     0	1.9751	     0
9.8701	     1	1.9768	     0
9.8794	     0	1.9784	     0
9.8887	     0	1.9801	     0
9.8979	     0	1.9817	     0
9.9072	     1	1.9834	     0
9.9165	     0	1.9851	     0
9.9258	     0	1.9867	     0
9.9351	     0	1.9884	     0
9.9443	     0	1.9900	     0
9.9536	     0	1.9917	     0
9.9629	     0	1.9934	     0
9.9722	     1	1.9950	     0
9.9814	     0	1.9967	     0
9.9907	     0	1.9983	     0
