11/26/2019 16:41:46
LT: 351.03

0.3000	   343	0.3000	     0
0.3095	   188	0.3017	     0
0.3189	   140	0.3033	     0
0.3284	   130	0.3050	     0
0.3379	   120	0.3066	     0
0.3474	   101	0.3083	     0
0.3568	   102	0.3100	     0
0.3663	   135	0.3116	     0
0.3758	   111	0.3133	     0
0.3853	   117	0.3149	     0
0.3947	   103	0.3166	     0
0.4042	   133	0.3183	     0
0.4137	   136	0.3199	     0
0.4231	   121	0.3216	     0
0.4326	   136	0.3232	     0
0.4421	   151	0.3249	     0
0.4516	   164	0.3266	     0
0.4610	   173	0.3282	     0
0.4705	   152	0.3299	     0
0.4800	   143	0.3315	     0
0.4895	   156	0.3332	     0
0.4989	   179	0.3349	     0
0.5084	   205	0.3365	     0
0.5179	   178	0.3382	     0
0.5273	   216	0.3398	     0
0.5368	   183	0.3415	     0
0.5463	   203	0.3432	     0
0.5558	   211	0.3448	     0
0.5652	   241	0.3465	     0
0.5747	   215	0.3481	     0
0.5842	   242	0.3498	     0
0.5937	   237	0.3515	     0
0.6031	   249	0.3531	     0
0.6126	   232	0.3548	     0
0.6221	   267	0.3564	     0
0.6315	   264	0.3581	     0
0.6410	   255	0.3598	     0
0.6505	   299	0.3614	     0
0.6600	   268	0.3631	     0
0.6694	   305	0.3647	     0
0.6789	   313	0.3664	     0
0.6884	   328	0.3681	     0
0.6979	   337	0.3697	     0
0.7073	   327	0.3714	     0
0.7168	   365	0.3730	     0
0.7263	   344	0.3747	     0
0.7357	   376	0.3764	     0
0.7452	   387	0.3780	     0
0.7547	   380	0.3797	     0
0.7642	   401	0.3813	     0
0.7736	   392	0.3830	     0
0.7831	   407	0.3847	     0
0.7926	   389	0.3863	     0
0.8021	   409	0.3880	     1
0.8115	   379	0.3896	     0
0.8210	   380	0.3913	     0
0.8305	   390	0.3930	     0
0.8399	   359	0.3946	     0
0.8494	   374	0.3963	     0
0.8589	   358	0.3979	     0
0.8684	   409	0.3996	     0
0.8778	   359	0.4013	     0
0.8873	   336	0.4029	     0
0.8968	   363	0.4046	     0
0.9063	   370	0.4063	     0
0.9157	   371	0.4079	     0
0.9252	   338	0.4096	     0
0.9347	   329	0.4112	     0
0.9441	   383	0.4129	     0
0.9536	   358	0.4146	     0
0.9631	   349	0.4162	     0
0.9726	   337	0.4179	     0
0.9820	   319	0.4195	     0
0.9915	   340	0.4212	     0
1.0010	   361	0.4229	     1
1.0104	   336	0.4245	     0
1.0199	   333	0.4262	     0
1.0294	   349	0.4278	     0
1.0389	   358	0.4295	     0
1.0483	   350	0.4312	     0
1.0578	   339	0.4328	     0
1.0673	   332	0.4345	     0
1.0768	   338	0.4361	     0
1.0862	   330	0.4378	     0
1.0957	   360	0.4395	     0
1.1052	   296	0.4411	     0
1.1146	   300	0.4428	     0
1.1241	   348	0.4444	     0
1.1336	   302	0.4461	     0
1.1431	   355	0.4478	     0
1.1525	   322	0.4494	     0
1.1620	   321	0.4511	     0
1.1715	   330	0.4527	     0
1.1810	   336	0.4544	     0
1.1904	   303	0.4561	     0
1.1999	   320	0.4577	     0
1.2094	   301	0.4594	     0
1.2188	   310	0.4610	     0
1.2283	   325	0.4627	     0
1.2378	   338	0.4644	     0
1.2473	   296	0.4660	     0
1.2567	   301	0.4677	     0
1.2662	   279	0.4693	     0
1.2757	   280	0.4710	     0
1.2852	   306	0.4727	     0
1.2946	   252	0.4743	     0
1.3041	   302	0.4760	     0
1.3136	   251	0.4776	     0
1.3230	   282	0.4793	     0
1.3325	   290	0.4810	     0
1.3420	   272	0.4826	     0
1.3515	   272	0.4843	     0
1.3609	   278	0.4859	     0
1.3704	   272	0.4876	     0
1.3799	   301	0.4893	     0
1.3894	   245	0.4909	     0
1.3988	   264	0.4926	     0
1.4083	   265	0.4942	     0
1.4178	   317	0.4959	     0
1.4272	   266	0.4976	     0
1.4367	   284	0.4992	     0
1.4462	   286	0.5009	     0
1.4557	   244	0.5025	     0
1.4651	   262	0.5042	     0
1.4746	   290	0.5059	     0
1.4841	   261	0.5075	     0
1.4936	   264	0.5092	     0
1.5030	   269	0.5108	     0
1.5125	   227	0.5125	     0
1.5220	   241	0.5142	     0
1.5314	   271	0.5158	     0
1.5409	   262	0.5175	     0
1.5504	   246	0.5191	     0
1.5599	   240	0.5208	     0
1.5693	   218	0.5225	     0
1.5788	   239	0.5241	     0
1.5883	   234	0.5258	     0
1.5978	   242	0.5274	     0
1.6072	   212	0.5291	     0
1.6167	   247	0.5308	     1
1.6262	   238	0.5324	     0
1.6356	   220	0.5341	     0
1.6451	   232	0.5357	     0
1.6546	   248	0.5374	     0
1.6641	   240	0.5391	     0
1.6735	   241	0.5407	     0
1.6830	   236	0.5424	     0
1.6925	   213	0.5440	     0
1.7020	   220	0.5457	     0
1.7114	   255	0.5474	     0
1.7209	   213	0.5490	     0
1.7304	   248	0.5507	     0
1.7398	   216	0.5523	     0
1.7493	   222	0.5540	     0
1.7588	   257	0.5557	     0
1.7683	   199	0.5573	     0
1.7777	   228	0.5590	     0
1.7872	   209	0.5606	     0
1.7967	   249	0.5623	     0
1.8062	   235	0.5640	     1
1.8156	   232	0.5656	     0
1.8251	   253	0.5673	     0
1.8346	   257	0.5689	     0
1.8440	   232	0.5706	     0
1.8535	   228	0.5723	     0
1.8630	   227	0.5739	     0
1.8725	   240	0.5756	     0
1.8819	   223	0.5772	     0
1.8914	   230	0.5789	     0
1.9009	   234	0.5806	     0
1.9104	   233	0.5822	     0
1.9198	   209	0.5839	     0
1.9293	   229	0.5855	     0
1.9388	   214	0.5872	     0
1.9482	   212	0.5889	     0
1.9577	   233	0.5905	     0
1.9672	   218	0.5922	     0
1.9767	   234	0.5938	     0
1.9861	   196	0.5955	     0
1.9956	   215	0.5972	     0
2.0051	   204	0.5988	     0
2.0146	   186	0.6005	     1
2.0240	   212	0.6021	     0
2.0335	   226	0.6038	     0
2.0430	   204	0.6055	     0
2.0524	   195	0.6071	     0
2.0619	   185	0.6088	     0
2.0714	   197	0.6104	     0
2.0809	   199	0.6121	     0
2.0903	   166	0.6138	     0
2.0998	   174	0.6154	     0
2.1093	   201	0.6171	     0
2.1187	   167	0.6187	     0
2.1282	   180	0.6204	     0
2.1377	   167	0.6221	     0
2.1472	   150	0.6237	     0
2.1566	   193	0.6254	     0
2.1661	   191	0.6271	     0
2.1756	   199	0.6287	     0
2.1851	   177	0.6304	     0
2.1945	   201	0.6320	     0
2.2040	   188	0.6337	     0
2.2135	   165	0.6354	     0
2.2229	   190	0.6370	     0
2.2324	   185	0.6387	     0
2.2419	   184	0.6403	     0
2.2514	   161	0.6420	     1
2.2608	   172	0.6437	     0
2.2703	   150	0.6453	     2
2.2798	   159	0.6470	     0
2.2893	   160	0.6486	     0
2.2987	   174	0.6503	     0
2.3082	   164	0.6520	     0
2.3177	   163	0.6536	     0
2.3271	   180	0.6553	     0
2.3366	   149	0.6569	     0
2.3461	   140	0.6586	     0
2.3556	   139	0.6603	     0
2.3650	   135	0.6619	     0
2.3745	   155	0.6636	     0
2.3840	   136	0.6652	     0
2.3935	   174	0.6669	     0
2.4029	   147	0.6686	     0
2.4124	   135	0.6702	     0
2.4219	   132	0.6719	     0
2.4313	   136	0.6735	     0
2.4408	   151	0.6752	     0
2.4503	   137	0.6769	     0
2.4598	   121	0.6785	     0
2.4692	   138	0.6802	     0
2.4787	   152	0.6818	     0
2.4882	   141	0.6835	     0
2.4977	   136	0.6852	     0
2.5071	   137	0.6868	     0
2.5166	   121	0.6885	     0
2.5261	   141	0.6901	     0
2.5355	   141	0.6918	     0
2.5450	   124	0.6935	     0
2.5545	   133	0.6951	     0
2.5640	   135	0.6968	     0
2.5734	   127	0.6984	     0
2.5829	   129	0.7001	     0
2.5924	   135	0.7018	     0
2.6019	   146	0.7034	     0
2.6113	   133	0.7051	     0
2.6208	   132	0.7067	     0
2.6303	   109	0.7084	     0
2.6397	   139	0.7101	     0
2.6492	   133	0.7117	     0
2.6587	   137	0.7134	     0
2.6682	   123	0.7150	     0
2.6776	   141	0.7167	     0
2.6871	    90	0.7184	     0
2.6966	   112	0.7200	     0
2.7061	   116	0.7217	     0
2.7155	   101	0.7233	     0
2.7250	   125	0.7250	     0
2.7345	   118	0.7267	     0
2.7439	   123	0.7283	     0
2.7534	   119	0.7300	     0
2.7629	   112	0.7316	     0
2.7724	   119	0.7333	     0
2.7818	   129	0.7350	     0
2.7913	   117	0.7366	     0
2.8008	   106	0.7383	     0
2.8103	   125	0.7399	     0
2.8197	   106	0.7416	     0
2.8292	   118	0.7433	     0
2.8387	   102	0.7449	     0
2.8481	   110	0.7466	     0
2.8576	   131	0.7482	     0
2.8671	   116	0.7499	     0
2.8766	   112	0.7516	     0
2.8860	   105	0.7532	     0
2.8955	   108	0.7549	     0
2.9050	   125	0.7565	     0
2.9145	   116	0.7582	     0
2.9239	   106	0.7599	     0
2.9334	   127	0.7615	     0
2.9429	   113	0.7632	     0
2.9523	   101	0.7648	     0
2.9618	   109	0.7665	     0
2.9713	   113	0.7682	     0
2.9808	    89	0.7698	     0
2.9902	   103	0.7715	     0
2.9997	    97	0.7731	     0
3.0092	   120	0.7748	     0
3.0187	   102	0.7765	     0
3.0281	    94	0.7781	     0
3.0376	    85	0.7798	     0
3.0471	    97	0.7814	     0
3.0565	   110	0.7831	     0
3.0660	    89	0.7848	     0
3.0755	   100	0.7864	     0
3.0850	   106	0.7881	     0
3.0944	    96	0.7897	     0
3.1039	    81	0.7914	     0
3.1134	    89	0.7931	     0
3.1229	    95	0.7947	     0
3.1323	    71	0.7964	     0
3.1418	    97	0.7980	     0
3.1513	   128	0.7997	     0
3.1607	    81	0.8014	     0
3.1702	   105	0.8030	     0
3.1797	    97	0.8047	     0
3.1892	   104	0.8063	     0
3.1986	    83	0.8080	     0
3.2081	    99	0.8097	     0
3.2176	   102	0.8113	     0
3.2271	    97	0.8130	     0
3.2365	    90	0.8146	     0
3.2460	    95	0.8163	     0
3.2555	   115	0.8180	     0
3.2649	    97	0.8196	     0
3.2744	   100	0.8213	     0
3.2839	   100	0.8229	     0
3.2934	   103	0.8246	     0
3.3028	    83	0.8263	     0
3.3123	    91	0.8279	     0
3.3218	    93	0.8296	     0
3.3312	   105	0.8313	     0
3.3407	    82	0.8329	     0
3.3502	    93	0.8346	     0
3.3597	    82	0.8362	     0
3.3691	    93	0.8379	     0
3.3786	    99	0.8396	     0
3.3881	    99	0.8412	     0
3.3976	    96	0.8429	     0
3.4070	    81	0.8445	     0
3.4165	   109	0.8462	     0
3.4260	    96	0.8479	     0
3.4354	    90	0.8495	     0
3.4449	   105	0.8512	     0
3.4544	    85	0.8528	     0
3.4639	    96	0.8545	     0
3.4733	   103	0.8562	     0
3.4828	   108	0.8578	     0
3.4923	   100	0.8595	     0
3.5018	    82	0.8611	     0
3.5112	    77	0.8628	     0
3.5207	   102	0.8645	     0
3.5302	    89	0.8661	     0
3.5396	    88	0.8678	     0
3.5491	    81	0.8694	     0
3.5586	   105	0.8711	     0
3.5681	    84	0.8728	     0
3.5775	    85	0.8744	     0
3.5870	    93	0.8761	     0
3.5965	   106	0.8777	     0
3.6060	    81	0.8794	     0
3.6154	   106	0.8811	     0
3.6249	    80	0.8827	     0
3.6344	    94	0.8844	     0
3.6438	    81	0.8860	     0
3.6533	    86	0.8877	     0
3.6628	    74	0.8894	     0
3.6723	    85	0.8910	     0
3.6817	    68	0.8927	     0
3.6912	    84	0.8943	     0
3.7007	    87	0.8960	     0
3.7102	    64	0.8977	     0
3.7196	    84	0.8993	     0
3.7291	    84	0.9010	     0
3.7386	    82	0.9026	     0
3.7480	    85	0.9043	     0
3.7575	    91	0.9060	     0
3.7670	    83	0.9076	     0
3.7765	    68	0.9093	     0
3.7859	    89	0.9109	     0
3.7954	    73	0.9126	     0
3.8049	    91	0.9143	     0
3.8144	    79	0.9159	     0
3.8238	    70	0.9176	     0
3.8333	    71	0.9192	     0
3.8428	    83	0.9209	     0
3.8522	    71	0.9226	     0
3.8617	    65	0.9242	     0
3.8712	    68	0.9259	     0
3.8807	    71	0.9275	     0
3.8901	    61	0.9292	     0
3.8996	    79	0.9309	     0
3.9091	    82	0.9325	     0
3.9186	    62	0.9342	     0
3.9280	    82	0.9358	     0
3.9375	    87	0.9375	     0
3.9470	    83	0.9392	     0
3.9564	    79	0.9408	     0
3.9659	    93	0.9425	     1
3.9754	    72	0.9441	     0
3.9849	    76	0.9458	     0
3.9943	    67	0.9475	     0
4.0038	    84	0.9491	     0
4.0133	    95	0.9508	     0
4.0228	    85	0.9524	     0
4.0322	    69	0.9541	     0
4.0417	    64	0.9558	     0
4.0512	    67	0.9574	     0
4.0606	    87	0.9591	     0
4.0701	    83	0.9607	     0
4.0796	    73	0.9624	     0
4.0891	    78	0.9641	     0
4.0985	    73	0.9657	     0
4.1080	    76	0.9674	     0
4.1175	    65	0.9690	     0
4.1270	    79	0.9707	     0
4.1364	    83	0.9724	     0
4.1459	    78	0.9740	     0
4.1554	    89	0.9757	     0
4.1648	    72	0.9773	     0
4.1743	    74	0.9790	     0
4.1838	    71	0.9807	     0
4.1933	    65	0.9823	     0
4.2027	    67	0.9840	     0
4.2122	    83	0.9856	     0
4.2217	    75	0.9873	     0
4.2312	    74	0.9890	     0
4.2406	   105	0.9906	     0
4.2501	    68	0.9923	     0
4.2596	    79	0.9939	     0
4.2690	    94	0.9956	     0
4.2785	    73	0.9973	     0
4.2880	    65	0.9989	     0
4.2975	    90	1.0006	     0
4.3069	    73	1.0022	     0
4.3164	    59	1.0039	     0
4.3259	    63	1.0056	     0
4.3354	    86	1.0072	     0
4.3448	    57	1.0089	     0
4.3543	    73	1.0105	     0
4.3638	    74	1.0122	     0
4.3732	    64	1.0139	     0
4.3827	    73	1.0155	     0
4.3922	    72	1.0172	     0
4.4017	    63	1.0188	     0
4.4111	    75	1.0205	     0
4.4206	    61	1.0222	     0
4.4301	    82	1.0238	     0
4.4396	   100	1.0255	     0
4.4490	    72	1.0271	     0
4.4585	    72	1.0288	     0
4.4680	   101	1.0305	     0
4.4774	    85	1.0321	     0
4.4869	    73	1.0338	     0
4.4964	    82	1.0354	     0
4.5059	    72	1.0371	     0
4.5153	    78	1.0388	     0
4.5248	    88	1.0404	     0
4.5343	    79	1.0421	     0
4.5437	    75	1.0438	     0
4.5532	    62	1.0454	     0
4.5627	    64	1.0471	     0
4.5722	    75	1.0487	     0
4.5816	    74	1.0504	     0
4.5911	    73	1.0521	     1
4.6006	    58	1.0537	     0
4.6101	    86	1.0554	     0
4.6195	    77	1.0570	     1
4.6290	    79	1.0587	     0
4.6385	    78	1.0604	     0
4.6479	    78	1.0620	     0
4.6574	    69	1.0637	     0
4.6669	    77	1.0653	     0
4.6764	    73	1.0670	     0
4.6858	    71	1.0687	     0
4.6953	    85	1.0703	     0
4.7048	    65	1.0720	     0
4.7143	    80	1.0736	     0
4.7237	    90	1.0753	     0
4.7332	    60	1.0770	     0
4.7427	    62	1.0786	     0
4.7521	    76	1.0803	     0
4.7616	    78	1.0819	     0
4.7711	    73	1.0836	     0
4.7806	    87	1.0853	     0
4.7900	    89	1.0869	     1
4.7995	    80	1.0886	     0
4.8090	    85	1.0902	     0
4.8185	    74	1.0919	     0
4.8279	    73	1.0936	     0
4.8374	    80	1.0952	     0
4.8469	    74	1.0969	     0
4.8563	    88	1.0985	     0
4.8658	    88	1.1002	     0
4.8753	    70	1.1019	     0
4.8848	    69	1.1035	     0
4.8942	    77	1.1052	     0
4.9037	    84	1.1068	     0
4.9132	    69	1.1085	     0
4.9227	    78	1.1102	     0
4.9321	    74	1.1118	     0
4.9416	    78	1.1135	     0
4.9511	    59	1.1151	     0
4.9605	    74	1.1168	     0
4.9700	    90	1.1185	     0
4.9795	    90	1.1201	     0
4.9890	    74	1.1218	     0
4.9984	    62	1.1234	     0
5.0079	    80	1.1251	     0
5.0174	    80	1.1268	     0
5.0269	    94	1.1284	     0
5.0363	   107	1.1301	     0
5.0458	    66	1.1317	     0
5.0553	    77	1.1334	     0
5.0647	    88	1.1351	     0
5.0742	    93	1.1367	     0
5.0837	    80	1.1384	     0
5.0932	    82	1.1400	     0
5.1026	    82	1.1417	     0
5.1121	    62	1.1434	     0
5.1216	    81	1.1450	     0
5.1311	    72	1.1467	     0
5.1405	    76	1.1483	     1
5.1500	    81	1.1500	     0
5.1595	    75	1.1517	     0
5.1689	    79	1.1533	     0
5.1784	    73	1.1550	     0
5.1879	    86	1.1566	     0
5.1974	    73	1.1583	     0
5.2068	    67	1.1600	     0
5.2163	    76	1.1616	     0
5.2258	    98	1.1633	     0
5.2353	    87	1.1649	     0
5.2447	    84	1.1666	     0
5.2542	    85	1.1683	     0
5.2637	    84	1.1699	     0
5.2731	    80	1.1716	     0
5.2826	    81	1.1732	     0
5.2921	    74	1.1749	     0
5.3016	    81	1.1766	     0
5.3110	    92	1.1782	     0
5.3205	    70	1.1799	     0
5.3300	    94	1.1815	     0
5.3395	    85	1.1832	     0
5.3489	    72	1.1849	     0
5.3584	    77	1.1865	     0
5.3679	    77	1.1882	     0
5.3773	   101	1.1898	     0
5.3868	    80	1.1915	     0
5.3963	    71	1.1932	     0
5.4058	    76	1.1948	     0
5.4152	    92	1.1965	     0
5.4247	    78	1.1981	     0
5.4342	    89	1.1998	     0
5.4437	    85	1.2015	     0
5.4531	    74	1.2031	     0
5.4626	    83	1.2048	     0
5.4721	    78	1.2064	     0
5.4815	    85	1.2081	     0
5.4910	    76	1.2098	     0
5.5005	    96	1.2114	     0
5.5100	    67	1.2131	     0
5.5194	    73	1.2147	     0
5.5289	    83	1.2164	     0
5.5384	    83	1.2181	     0
5.5479	    73	1.2197	     0
5.5573	    99	1.2214	     0
5.5668	    91	1.2230	     0
5.5763	   101	1.2247	     0
5.5857	   100	1.2264	     0
5.5952	    90	1.2280	     0
5.6047	    84	1.2297	     0
5.6142	    69	1.2313	     0
5.6236	    90	1.2330	     0
5.6331	    94	1.2347	     0
5.6426	    80	1.2363	     0
5.6521	    80	1.2380	     0
5.6615	   109	1.2396	     0
5.6710	   103	1.2413	     0
5.6805	    81	1.2430	     0
5.6899	    80	1.2446	     0
5.6994	   102	1.2463	     0
5.7089	    65	1.2479	     0
5.7184	    96	1.2496	     0
5.7278	    84	1.2513	     0
5.7373	    61	1.2529	     0
5.7468	   105	1.2546	     0
5.7562	    68	1.2562	     0
5.7657	    76	1.2579	     0
5.7752	    79	1.2596	     0
5.7847	    74	1.2612	     0
5.7941	    77	1.2629	     0
5.8036	    76	1.2646	     0
5.8131	    89	1.2662	     0
5.8226	    76	1.2679	     0
5.8320	    71	1.2695	     0
5.8415	    95	1.2712	     0
5.8510	    69	1.2729	     0
5.8604	    90	1.2745	     0
5.8699	    82	1.2762	     0
5.8794	    68	1.2778	     0
5.8889	    82	1.2795	     0
5.8983	    75	1.2812	     0
5.9078	    74	1.2828	     0
5.9173	    85	1.2845	     0
5.9268	    58	1.2861	     0
5.9362	    64	1.2878	     0
5.9457	    89	1.2895	     0
5.9552	    71	1.2911	     0
5.9646	    77	1.2928	     0
5.9741	    58	1.2944	     0
5.9836	    52	1.2961	     0
5.9931	    71	1.2978	     0
6.0025	    68	1.2994	     0
6.0120	    60	1.3011	     0
6.0215	    76	1.3027	     0
6.0310	    59	1.3044	     0
6.0404	    55	1.3061	     0
6.0499	    71	1.3077	     0
6.0594	    57	1.3094	     0
6.0688	    60	1.3110	     0
6.0783	    69	1.3127	     0
6.0878	    48	1.3144	     0
6.0973	    51	1.3160	     0
6.1067	    60	1.3177	     0
6.1162	    57	1.3193	     0
6.1257	    55	1.3210	     0
6.1352	    71	1.3227	     0
6.1446	    44	1.3243	     0
6.1541	    46	1.3260	     0
6.1636	    66	1.3276	     0
6.1730	    49	1.3293	     0
6.1825	    65	1.3310	     0
6.1920	    52	1.3326	     0
6.2015	    76	1.3343	     0
6.2109	    62	1.3359	     0
6.2204	    53	1.3376	     0
6.2299	    56	1.3393	     0
6.2394	    52	1.3409	     0
6.2488	    51	1.3426	     0
6.2583	    61	1.3442	     0
6.2678	    60	1.3459	     0
6.2772	    44	1.3476	     0
6.2867	    64	1.3492	     0
6.2962	    55	1.3509	     0
6.3057	    64	1.3525	     0
6.3151	    64	1.3542	     0
6.3246	    66	1.3559	     0
6.3341	    52	1.3575	     0
6.3436	    49	1.3592	     0
6.3530	    67	1.3608	     1
6.3625	    60	1.3625	     0
6.3720	    45	1.3642	     0
6.3814	    47	1.3658	     0
6.3909	    60	1.3675	     0
6.4004	    40	1.3691	     0
6.4099	    55	1.3708	     0
6.4193	    50	1.3725	     0
6.4288	    61	1.3741	     0
6.4383	    60	1.3758	     0
6.4478	    60	1.3774	     0
6.4572	    54	1.3791	     0
6.4667	    48	1.3808	     0
6.4762	    46	1.3824	     0
6.4856	    53	1.3841	     0
6.4951	    58	1.3857	     1
6.5046	    47	1.3874	     1
6.5141	    61	1.3891	     0
6.5235	    47	1.3907	     0
6.5330	    45	1.3924	     0
6.5425	    50	1.3940	     0
6.5520	    50	1.3957	     0
6.5614	    57	1.3974	     0
6.5709	    56	1.3990	     0
6.5804	    49	1.4007	     1
6.5898	    63	1.4023	     0
6.5993	    49	1.4040	     0
6.6088	    52	1.4057	     0
6.6183	    59	1.4073	     0
6.6277	    41	1.4090	     0
6.6372	    51	1.4106	     0
6.6467	    58	1.4123	     0
6.6562	    53	1.4140	     0
6.6656	    49	1.4156	     0
6.6751	    61	1.4173	     0
6.6846	    46	1.4189	     0
6.6940	    57	1.4206	     0
6.7035	    49	1.4223	     0
6.7130	    49	1.4239	     0
6.7225	    52	1.4256	     0
6.7319	    50	1.4272	     0
6.7414	    55	1.4289	     0
6.7509	    53	1.4306	     0
6.7604	    43	1.4322	     0
6.7698	    47	1.4339	     0
6.7793	    53	1.4355	     0
6.7888	    58	1.4372	     0
6.7982	    52	1.4389	     0
6.8077	    49	1.4405	     0
6.8172	    62	1.4422	     0
6.8267	    51	1.4438	     0
6.8361	    61	1.4455	     0
6.8456	    66	1.4472	     0
6.8551	    49	1.4488	     0
6.8646	    57	1.4505	     0
6.8740	    73	1.4521	     0
6.8835	    61	1.4538	     0
6.8930	    52	1.4555	     0
6.9024	    60	1.4571	     0
6.9119	    58	1.4588	     0
6.9214	    50	1.4604	     0
6.9309	    54	1.4621	     0
6.9403	    71	1.4638	     0
6.9498	    63	1.4654	     0
6.9593	    77	1.4671	     0
6.9687	    62	1.4688	     0
6.9782	    63	1.4704	     0
6.9877	    74	1.4721	     0
6.9972	    72	1.4737	     0
7.0066	    74	1.4754	     0
7.0161	    97	1.4771	     0
7.0256	    95	1.4787	     0
7.0351	   101	1.4804	     0
7.0445	   121	1.4820	     0
7.0540	   111	1.4837	     0
7.0635	   104	1.4854	     0
7.0729	   134	1.4870	     0
7.0824	   154	1.4887	     0
7.0919	   209	1.4903	     0
7.1014	   173	1.4920	     0
7.1108	   240	1.4937	     0
7.1203	   252	1.4953	     0
7.1298	   289	1.4970	     0
7.1393	   350	1.4986	     0
7.1487	   346	1.5003	     0
7.1582	   460	1.5020	     0
7.1677	   442	1.5036	     0
7.1771	   514	1.5053	     0
7.1866	   566	1.5069	     0
7.1961	   682	1.5086	     0
7.2056	   715	1.5103	     0
7.2150	   767	1.5119	     0
7.2245	   817	1.5136	     0
7.2340	   867	1.5152	     0
7.2435	   892	1.5169	     0
7.2529	  1029	1.5186	     0
7.2624	   999	1.5202	     0
7.2719	  1079	1.5219	     0
7.2813	  1182	1.5235	     0
7.2908	  1080	1.5252	     0
7.3003	  1224	1.5269	     0
7.3098	  1184	1.5285	     0
7.3192	  1157	1.5302	     0
7.3287	  1114	1.5318	     0
7.3382	  1068	1.5335	     0
7.3477	  1021	1.5352	     0
7.3571	   955	1.5368	     0
7.3666	   858	1.5385	     0
7.3761	   780	1.5401	     0
7.3855	   700	1.5418	     0
7.3950	   689	1.5435	     0
7.4045	   556	1.5451	     0
7.4140	   458	1.5468	     0
7.4234	   388	1.5484	     0
7.4329	   326	1.5501	     0
7.4424	   300	1.5518	     0
7.4519	   255	1.5534	     0
7.4613	   184	1.5551	     0
7.4708	   172	1.5567	     0
7.4803	   139	1.5584	     0
7.4897	   114	1.5601	     0
7.4992	    69	1.5617	     0
7.5087	    65	1.5634	     0
7.5182	    58	1.5650	     0
7.5276	    58	1.5667	     1
7.5371	    50	1.5684	     0
7.5466	    31	1.5700	     0
7.5561	    40	1.5717	     0
7.5655	    44	1.5733	     0
7.5750	    25	1.5750	     0
7.5845	    26	1.5767	     0
7.5939	    35	1.5783	     0
7.6034	    30	1.5800	     0
7.6129	    37	1.5816	     0
7.6224	    33	1.5833	     0
7.6318	    29	1.5850	     0
7.6413	    44	1.5866	     0
7.6508	    34	1.5883	     0
7.6603	    29	1.5899	     0
7.6697	    28	1.5916	     0
7.6792	    39	1.5933	     0
7.6887	    35	1.5949	     0
7.6981	    30	1.5966	     0
7.7076	    42	1.5982	     0
7.7171	    33	1.5999	     0
7.7266	    36	1.6016	     0
7.7360	    26	1.6032	     0
7.7455	    39	1.6049	     0
7.7550	    25	1.6065	     0
7.7645	    31	1.6082	     0
7.7739	    25	1.6099	     0
7.7834	    15	1.6115	     0
7.7929	    27	1.6132	     0
7.8023	    23	1.6148	     0
7.8118	    21	1.6165	     0
7.8213	    22	1.6182	     0
7.8308	    34	1.6198	     0
7.8402	    18	1.6215	     0
7.8497	    26	1.6231	     0
7.8592	    20	1.6248	     0
7.8687	    18	1.6265	     0
7.8781	    19	1.6281	     0
7.8876	    21	1.6298	     0
7.8971	    17	1.6314	     0
7.9065	    27	1.6331	     0
7.9160	    29	1.6348	     0
7.9255	    24	1.6364	     0
7.9350	    27	1.6381	     0
7.9444	    18	1.6397	     0
7.9539	    23	1.6414	     0
7.9634	    19	1.6431	     0
7.9729	    22	1.6447	     0
7.9823	    22	1.6464	     0
7.9918	    30	1.6480	     0
8.0013	    26	1.6497	     0
8.0107	    25	1.6514	     0
8.0202	    27	1.6530	     0
8.0297	    23	1.6547	     0
8.0392	    26	1.6563	     0
8.0486	    39	1.6580	     0
8.0581	    29	1.6597	     0
8.0676	    31	1.6613	     0
8.0771	    20	1.6630	     0
8.0865	    23	1.6646	     0
8.0960	    35	1.6663	     0
8.1055	    23	1.6680	     0
8.1149	    22	1.6696	     0
8.1244	    28	1.6713	     0
8.1339	    25	1.6729	     0
8.1434	    32	1.6746	     0
8.1528	    22	1.6763	     0
8.1623	    25	1.6779	     0
8.1718	    26	1.6796	     0
8.1813	    24	1.6812	     0
8.1907	    21	1.6829	     0
8.2002	    34	1.6846	     0
8.2097	    23	1.6862	     0
8.2191	    26	1.6879	     0
8.2286	    15	1.6896	     0
8.2381	    23	1.6912	     0
8.2476	    15	1.6929	     0
8.2570	    16	1.6945	     0
8.2665	    27	1.6962	     0
8.2760	    25	1.6979	     0
8.2854	    16	1.6995	     0
8.2949	    18	1.7012	     0
8.3044	    15	1.7028	     0
8.3139	    16	1.7045	     0
8.3233	    24	1.7062	     0
8.3328	    20	1.7078	     0
8.3423	    18	1.7095	     0
8.3518	    20	1.7111	     0
8.3612	    12	1.7128	     0
8.3707	    20	1.7145	     0
8.3802	    12	1.7161	     0
8.3896	    13	1.7178	     0
8.3991	    26	1.7194	     0
8.4086	    20	1.7211	     0
8.4181	    14	1.7228	     0
8.4275	    14	1.7244	     0
8.4370	    17	1.7261	     0
8.4465	    22	1.7277	     0
8.4560	    16	1.7294	     0
8.4654	    18	1.7311	     0
8.4749	    18	1.7327	     0
8.4844	    23	1.7344	     0
8.4938	    14	1.7360	     0
8.5033	    16	1.7377	     0
8.5128	    14	1.7394	     0
8.5223	    18	1.7410	     0
8.5317	     9	1.7427	     0
8.5412	    14	1.7443	     0
8.5507	    23	1.7460	     0
8.5602	    14	1.7477	     0
8.5696	    14	1.7493	     0
8.5791	    15	1.7510	     0
8.5886	    13	1.7526	     0
8.5980	    17	1.7543	     0
8.6075	    16	1.7560	     0
8.6170	    16	1.7576	     0
8.6265	    21	1.7593	     0
8.6359	    26	1.7609	     0
8.6454	    27	1.7626	     0
8.6549	    33	1.7643	     0
8.6644	    42	1.7659	     0
8.6738	    50	1.7676	     0
8.6833	    66	1.7692	     0
8.6928	    63	1.7709	     0
8.7022	    84	1.7726	     0
8.7117	    92	1.7742	     0
8.7212	   112	1.7759	     0
8.7307	   104	1.7775	     0
8.7401	   116	1.7792	     0
8.7496	    93	1.7809	     0
8.7591	   111	1.7825	     0
8.7686	    94	1.7842	     0
8.7780	    79	1.7858	     0
8.7875	    76	1.7875	     0
8.7970	    66	1.7892	     1
8.8064	    49	1.7908	     0
8.8159	    57	1.7925	     0
8.8254	    32	1.7941	     0
8.8349	    21	1.7958	     0
8.8443	    27	1.7975	     0
8.8538	    14	1.7991	     0
8.8633	    16	1.8008	     0
8.8728	     9	1.8024	     0
8.8822	    18	1.8041	     0
8.8917	    12	1.8058	     0
8.9012	    10	1.8074	     0
8.9106	    20	1.8091	     0
8.9201	    15	1.8107	     0
8.9296	    21	1.8124	     0
8.9391	    19	1.8141	     0
8.9485	    14	1.8157	     0
8.9580	     9	1.8174	     0
8.9675	    24	1.8190	     0
8.9770	    20	1.8207	     0
8.9864	    21	1.8224	     0
8.9959	    19	1.8240	     0
9.0054	    23	1.8257	     0
9.0148	    24	1.8273	     0
9.0243	    13	1.8290	     0
9.0338	    24	1.8307	     0
9.0433	    15	1.8323	     0
9.0527	    16	1.8340	     0
9.0622	    18	1.8356	     0
9.0717	    11	1.8373	     0
9.0812	    19	1.8390	     0
9.0906	    19	1.8406	     0
9.1001	    17	1.8423	     0
9.1096	    15	1.8439	     0
9.1190	    21	1.8456	     0
9.1285	    18	1.8473	     0
9.1380	    14	1.8489	     0
9.1475	    27	1.8506	     0
9.1569	    20	1.8522	     0
9.1664	    26	1.8539	     0
9.1759	    24	1.8556	     0
9.1854	    33	1.8572	     0
9.1948	    40	1.8589	     0
9.2043	    37	1.8605	     0
9.2138	    30	1.8622	     0
9.2232	    29	1.8639	     0
9.2327	    27	1.8655	     0
9.2422	    37	1.8672	     0
9.2517	    32	1.8688	     0
9.2611	    42	1.8705	     0
9.2706	    35	1.8722	     0
9.2801	    27	1.8738	     0
9.2896	    27	1.8755	     0
9.2990	    21	1.8771	     0
9.3085	    34	1.8788	     0
9.3180	    24	1.8805	     0
9.3274	    17	1.8821	     0
9.3369	    23	1.8838	     0
9.3464	    21	1.8854	     0
9.3559	    10	1.8871	     0
9.3653	    15	1.8888	     0
9.3748	    19	1.8904	     0
9.3843	    13	1.8921	     0
9.3938	     9	1.8938	     0
9.4032	    14	1.8954	     0
9.4127	    11	1.8971	     0
9.4222	    21	1.8987	     0
9.4316	    10	1.9004	     1
9.4411	    15	1.9021	     0
9.4506	     7	1.9037	     0
9.4601	    10	1.9054	     0
9.4695	    12	1.9070	     0
9.4790	     9	1.9087	     0
9.4885	     4	1.9104	     0
9.4979	     8	1.9120	     0
9.5074	     6	1.9137	     0
9.5169	     4	1.9153	     0
9.5264	     8	1.9170	     0
9.5358	     9	1.9187	     0
9.5453	     5	1.9203	     0
9.5548	     5	1.9220	     0
9.5643	     8	1.9236	     0
9.5737	     2	1.9253	     0
9.5832	     3	1.9270	     0
9.5927	     2	1.9286	     0
9.6021	     4	1.9303	     0
9.6116	     2	1.9319	     0
9.6211	     2	1.9336	     0
9.6306	     1	1.9353	     0
9.6400	     0	1.9369	     0
9.6495	     2	1.9386	     0
9.6590	     2	1.9402	     0
9.6685	     1	1.9419	     0
9.6779	     1	1.9436	     0
9.6874	     3	1.9452	     0
9.6969	     0	1.9469	     0
9.7063	     0	1.9485	     0
9.7158	     0	1.9502	     0
9.7253	     0	1.9519	     0
9.7348	     0	1.9535	     0
9.7442	     1	1.9552	     0
9.7537	     1	1.9568	     0
9.7632	     0	1.9585	     0
9.7727	     3	1.9602	     0
9.7821	     1	1.9618	     0
9.7916	     1	1.9635	     0
9.8011	     1	1.9651	     0
9.8105	     0	1.9668	     0
9.8200	     1	1.9685	     0
9.8295	     1	1.9701	     0
9.8390	     0	1.9718	     0
9.8484	     0	1.9734	     0
9.8579	     0	1.9751	     0
9.8674	     3	1.9768	     0
9.8769	     1	1.9784	     0
9.8863	     1	1.9801	     0
9.8958	     1	1.9817	     0
9.9053	     0	1.9834	     0
9.9147	     0	1.9851	     0
9.9242	     0	1.9867	     0
9.9337	     0	1.9884	     0
9.9432	     0	1.9900	     0
9.9526	     0	1.9917	     0
9.9621	     0	1.9934	     0
9.9716	     0	1.9950	     0
9.9811	     0	1.9967	     0
9.9905	     0	1.9983	     0
