12/02/2019 12:48:21
LT: 300.34

0.5000	  3415	0.3000	     0
0.5093	  3769	0.3017	     0
0.5186	  3688	0.3033	     0
0.5278	  3773	0.3050	     0
0.5371	  3779	0.3066	     0
0.5464	  4000	0.3083	     0
0.5557	  4091	0.3100	     0
0.5649	  4441	0.3116	     0
0.5742	  4525	0.3133	     0
0.5835	  4391	0.3149	     0
0.5928	  4521	0.3166	     0
0.6021	  4571	0.3183	     0
0.6113	  4617	0.3199	     0
0.6206	  4506	0.3216	     0
0.6299	  4453	0.3232	     0
0.6392	  4463	0.3249	     0
0.6484	  4375	0.3266	     0
0.6577	  4214	0.3282	     0
0.6670	  4246	0.3299	     0
0.6763	  4159	0.3315	     0
0.6855	  4111	0.3332	     1
0.6948	  4075	0.3349	     1
0.7041	  4154	0.3365	     1
0.7134	  4027	0.3382	     0
0.7227	  3994	0.3398	     0
0.7319	  4059	0.3415	     0
0.7412	  3886	0.3432	     3
0.7505	  3864	0.3448	     0
0.7598	  3831	0.3465	     2
0.7690	  3803	0.3481	     1
0.7783	  3582	0.3498	     1
0.7876	  3594	0.3515	     0
0.7969	  3488	0.3531	     0
0.8062	  3484	0.3548	     0
0.8154	  3413	0.3564	     0
0.8247	  3408	0.3581	     1
0.8340	  3308	0.3598	     1
0.8433	  3217	0.3614	     1
0.8525	  3224	0.3631	     2
0.8618	  3176	0.3647	     0
0.8711	  3072	0.3664	     2
0.8804	  3203	0.3681	     0
0.8896	  3122	0.3697	     0
0.8989	  3063	0.3714	     1
0.9082	  3079	0.3730	     0
0.9175	  3056	0.3747	     2
0.9268	  3006	0.3764	     0
0.9360	  2999	0.3780	     0
0.9453	  3088	0.3797	     2
0.9546	  3045	0.3813	     0
0.9639	  3124	0.3830	     1
0.9731	  3042	0.3847	     0
0.9824	  2915	0.3863	     1
0.9917	  2988	0.3880	     0
1.0010	  3006	0.3896	     0
1.0103	  2996	0.3913	     0
1.0195	  2884	0.3930	     1
1.0288	  2926	0.3946	     0
1.0381	  3011	0.3963	     0
1.0474	  2904	0.3979	     0
1.0566	  2708	0.3996	     1
1.0659	  2696	0.4013	     0
1.0752	  2583	0.4029	     2
1.0845	  2564	0.4046	     0
1.0938	  2501	0.4063	     0
1.1030	  2406	0.4079	     1
1.1123	  2365	0.4096	     2
1.1216	  2322	0.4112	     1
1.1309	  2261	0.4129	     0
1.1401	  2154	0.4146	     0
1.1494	  2160	0.4162	     0
1.1587	  2069	0.4179	     0
1.1680	  2073	0.4195	     0
1.1772	  2016	0.4212	     0
1.1865	  1899	0.4229	     2
1.1958	  1963	0.4245	     0
1.2051	  1967	0.4262	     0
1.2144	  1967	0.4278	     3
1.2236	  1899	0.4295	     1
1.2329	  1913	0.4312	     0
1.2422	  1924	0.4328	     1
1.2515	  1947	0.4345	     0
1.2607	  1979	0.4361	     0
1.2700	  1912	0.4378	     0
1.2793	  1953	0.4395	     0
1.2886	  1917	0.4411	     0
1.2979	  1984	0.4428	     2
1.3071	  1934	0.4444	     0
1.3164	  1959	0.4461	     1
1.3257	  2031	0.4478	     0
1.3350	  2011	0.4494	     1
1.3442	  2022	0.4511	     0
1.3535	  2069	0.4527	     0
1.3628	  2038	0.4544	     0
1.3721	  2141	0.4561	     1
1.3813	  2154	0.4577	     0
1.3906	  2161	0.4594	     1
1.3999	  2177	0.4610	     1
1.4092	  2110	0.4627	     0
1.4185	  2197	0.4644	     1
1.4277	  2292	0.4660	     0
1.4370	  2329	0.4677	     0
1.4463	  2372	0.4693	     0
1.4556	  2414	0.4710	     1
1.4648	  2505	0.4727	     1
1.4741	  2536	0.4743	     1
1.4834	  2606	0.4760	     0
1.4927	  2840	0.4776	     0
1.5020	  2955	0.4793	     0
1.5112	  3335	0.4810	     1
1.5205	  3728	0.4826	     0
1.5298	  4248	0.4843	     0
1.5391	  4963	0.4859	     0
1.5483	  5853	0.4876	     2
1.5576	  6810	0.4893	     0
1.5669	  7981	0.4909	     2
1.5762	  9427	0.4926	     1
1.5854	 11051	0.4942	     1
1.5947	 12877	0.4959	     0
1.6040	 14554	0.4976	     0
1.6133	 16292	0.4992	     0
1.6226	 18449	0.5009	     1
1.6318	 20128	0.5025	     0
1.6411	 21582	0.5042	     0
1.6504	 22972	0.5059	     0
1.6597	 23652	0.5075	     1
1.6689	 23592	0.5092	     0
1.6782	 23417	0.5108	     0
1.6875	 22912	0.5125	     0
1.6968	 21427	0.5142	     1
1.7061	 20016	0.5158	     2
1.7153	 18129	0.5175	     0
1.7246	 15905	0.5191	     0
1.7339	 13867	0.5208	     0
1.7432	 11766	0.5225	     0
1.7524	  9718	0.5241	     0
1.7617	  7967	0.5258	     1
1.7710	  6259	0.5274	     0
1.7803	  5171	0.5291	     1
1.7896	  4006	0.5308	     0
1.7988	  3195	0.5324	     0
1.8081	  2581	0.5341	     1
1.8174	  2071	0.5357	     0
1.8267	  1826	0.5374	     1
1.8359	  1540	0.5391	     0
1.8452	  1339	0.5407	     0
1.8545	  1191	0.5424	     0
1.8638	  1152	0.5440	     0
1.8730	  1065	0.5457	     1
1.8823	  1069	0.5474	     0
1.8916	  1067	0.5490	     0
1.9009	  1046	0.5507	     0
1.9102	  1081	0.5523	     0
1.9194	  1027	0.5540	     1
1.9287	  1035	0.5557	     1
1.9380	  1048	0.5573	     0
1.9473	  1001	0.5590	     0
1.9565	  1015	0.5606	     1
1.9658	  1018	0.5623	     1
1.9751	  1019	0.5640	     1
1.9844	  1046	0.5656	     0
1.9937	   997	0.5673	     3
2.0029	  1028	0.5689	     1
2.0122	   975	0.5706	     1
2.0215	  1041	0.5723	     0
2.0308	   983	0.5739	     1
2.0400	   968	0.5756	     0
2.0493	   977	0.5772	     0
2.0586	   972	0.5789	     0
2.0679	  1006	0.5806	     2
2.0771	  1024	0.5822	     0
2.0864	  1043	0.5839	     0
2.0957	  1001	0.5855	     0
2.1050	   986	0.5872	     0
2.1143	   954	0.5889	     0
2.1235	   998	0.5905	     0
2.1328	  1009	0.5922	     1
2.1421	   990	0.5938	     0
2.1514	  1014	0.5955	     1
2.1606	   992	0.5972	     0
2.1699	  1052	0.5988	     0
2.1792	   989	0.6005	     1
2.1885	  1001	0.6021	     2
2.1978	  1029	0.6038	     0
2.2070	   967	0.6055	     0
2.2163	  1037	0.6071	     0
2.2256	  1001	0.6088	     0
2.2349	  1059	0.6104	     0
2.2441	  1067	0.6121	     1
2.2534	  1009	0.6138	     1
2.2627	  1029	0.6154	     1
2.2720	  1041	0.6171	     0
2.2813	  1041	0.6187	     0
2.2905	  1064	0.6204	     2
2.2998	  1040	0.6221	     0
2.3091	  1062	0.6237	     0
2.3184	  1053	0.6254	     0
2.3276	  1052	0.6271	     0
2.3369	  1053	0.6287	     0
2.3462	  1059	0.6304	     0
2.3555	  1049	0.6320	     0
2.3647	  1050	0.6337	     1
2.3740	  1067	0.6354	     0
2.3833	  1052	0.6370	     0
2.3926	  1019	0.6387	     0
2.4019	  1062	0.6403	     0
2.4111	  1011	0.6420	     0
2.4204	  1110	0.6437	     0
2.4297	  1095	0.6453	     0
2.4390	  1010	0.6470	     1
2.4482	  1057	0.6486	     0
2.4575	  1064	0.6503	     1
2.4668	  1020	0.6520	     1
2.4761	  1086	0.6536	     0
2.4854	  1104	0.6553	     0
2.4946	  1059	0.6569	     0
2.5039	  1091	0.6586	     0
2.5132	  1104	0.6603	     2
2.5225	  1029	0.6619	     1
2.5317	  1102	0.6636	     0
2.5410	  1034	0.6652	     1
2.5503	  1058	0.6669	     0
2.5596	  1064	0.6686	     2
2.5688	  1076	0.6702	     1
2.5781	  1067	0.6719	     0
2.5874	  1110	0.6735	     1
2.5967	  1082	0.6752	     1
2.6060	  1025	0.6769	     0
2.6152	  1063	0.6785	     0
2.6245	  1033	0.6802	     1
2.6338	  1005	0.6818	     1
2.6431	  1090	0.6835	     0
2.6523	  1082	0.6852	     1
2.6616	  1071	0.6868	     1
2.6709	  1091	0.6885	     0
2.6802	  1090	0.6901	     0
2.6895	  1048	0.6918	     0
2.6987	  1046	0.6935	     1
2.7080	  1058	0.6951	     0
2.7173	  1100	0.6968	     0
2.7266	  1086	0.6984	     0
2.7358	  1072	0.7001	     1
2.7451	  1134	0.7018	     1
2.7544	  1093	0.7034	     1
2.7637	  1088	0.7051	     0
2.7729	  1095	0.7067	     2
2.7822	  1093	0.7084	     0
2.7915	  1112	0.7101	     0
2.8008	  1115	0.7117	     0
2.8101	  1072	0.7134	     0
2.8193	  1119	0.7150	     0
2.8286	  1088	0.7167	     0
2.8379	  1105	0.7184	     0
2.8472	  1125	0.7200	     0
2.8564	  1084	0.7217	     0
2.8657	  1108	0.7233	     0
2.8750	  1065	0.7250	     0
2.8843	  1087	0.7267	     1
2.8936	  1048	0.7283	     1
2.9028	  1111	0.7300	     1
2.9121	  1115	0.7316	     0
2.9214	  1144	0.7333	     0
2.9307	  1165	0.7350	     0
2.9399	  1128	0.7366	     0
2.9492	  1098	0.7383	     0
2.9585	  1108	0.7399	     0
2.9678	  1136	0.7416	     2
2.9771	  1100	0.7433	     0
2.9863	  1092	0.7449	     1
2.9956	  1105	0.7466	     0
3.0049	  1141	0.7482	     1
3.0142	  1138	0.7499	     2
3.0234	  1193	0.7516	     0
3.0327	  1137	0.7532	     1
3.0420	  1134	0.7549	     0
3.0513	  1120	0.7565	     0
3.0605	  1127	0.7582	     2
3.0698	  1072	0.7599	     0
3.0791	  1152	0.7615	     2
3.0884	  1144	0.7632	     0
3.0977	  1170	0.7648	     0
3.1069	  1198	0.7665	     0
3.1162	  1187	0.7682	     0
3.1255	  1186	0.7698	     0
3.1348	  1191	0.7715	     0
3.1440	  1173	0.7731	     1
3.1533	  1190	0.7748	     0
3.1626	  1140	0.7765	     1
3.1719	  1193	0.7781	     0
3.1812	  1150	0.7798	     0
3.1904	  1151	0.7814	     0
3.1997	  1174	0.7831	     0
3.2090	  1161	0.7848	     0
3.2183	  1083	0.7864	     0
3.2275	  1113	0.7881	     1
3.2368	  1087	0.7897	     1
3.2461	  1116	0.7914	     0
3.2554	  1040	0.7931	     1
3.2646	  1042	0.7947	     2
3.2739	  1029	0.7964	     0
3.2832	   984	0.7980	     0
3.2925	   947	0.7997	     0
3.3018	   899	0.8014	     0
3.3110	   965	0.8030	     0
3.3203	   859	0.8047	     0
3.3296	   923	0.8063	     1
3.3389	   801	0.8080	     0
3.3481	   839	0.8097	     0
3.3574	   783	0.8113	     0
3.3667	   802	0.8130	     0
3.3760	   735	0.8146	     1
3.3853	   736	0.8163	     2
3.3945	   722	0.8180	     1
3.4038	   770	0.8196	     0
3.4131	   710	0.8213	     1
3.4224	   625	0.8229	     1
3.4316	   669	0.8246	     1
3.4409	   646	0.8263	     0
3.4502	   621	0.8279	     0
3.4595	   636	0.8296	     0
3.4688	   570	0.8313	     0
3.4780	   535	0.8329	     0
3.4873	   582	0.8346	     2
3.4966	   563	0.8362	     1
3.5059	   569	0.8379	     0
3.5151	   565	0.8396	     2
3.5244	   512	0.8412	     2
3.5337	   551	0.8429	     0
3.5430	   473	0.8445	     0
3.5522	   488	0.8462	     1
3.5615	   493	0.8479	     1
3.5708	   498	0.8495	     0
3.5801	   445	0.8512	     0
3.5894	   465	0.8528	     0
3.5986	   474	0.8545	     0
3.6079	   489	0.8562	     0
3.6172	   496	0.8578	     0
3.6265	   455	0.8595	     0
3.6357	   469	0.8611	     0
3.6450	   466	0.8628	     0
3.6543	   432	0.8645	     0
3.6636	   456	0.8661	     1
3.6729	   435	0.8678	     1
3.6821	   414	0.8694	     0
3.6914	   403	0.8711	     1
3.7007	   390	0.8728	     1
3.7100	   417	0.8744	     0
3.7192	   364	0.8761	     0
3.7285	   389	0.8777	     0
3.7378	   399	0.8794	     0
3.7471	   417	0.8811	     0
3.7563	   412	0.8827	     0
3.7656	   396	0.8844	     1
3.7749	   429	0.8860	     0
3.7842	   440	0.8877	     1
3.7935	   463	0.8894	     0
3.8027	   453	0.8910	     0
3.8120	   441	0.8927	     0
3.8213	   440	0.8943	     0
3.8306	   512	0.8960	     1
3.8398	   549	0.8977	     0
3.8491	   574	0.8993	     1
3.8584	   671	0.9010	     0
3.8677	   743	0.9026	     1
3.8770	   824	0.9043	     0
3.8862	   977	0.9060	     0
3.8955	  1029	0.9076	     0
3.9048	  1252	0.9093	     0
3.9141	  1359	0.9109	     0
3.9233	  1519	0.9126	     0
3.9326	  1690	0.9143	     3
3.9419	  1812	0.9159	     0
3.9512	  2112	0.9176	     0
3.9604	  2365	0.9192	     1
3.9697	  2654	0.9209	     0
3.9790	  3029	0.9226	     0
3.9883	  3287	0.9242	     0
3.9976	  3607	0.9259	     0
4.0068	  3745	0.9275	     2
4.0161	  4108	0.9292	     1
4.0254	  4447	0.9309	     1
4.0347	  4565	0.9325	     0
4.0439	  4806	0.9342	     1
4.0532	  5081	0.9358	     1
4.0625	  5316	0.9375	     0
4.0718	  5274	0.9392	     2
4.0811	  5510	0.9408	     0
4.0903	  5564	0.9425	     1
4.0996	  5524	0.9441	     0
4.1089	  5565	0.9458	     0
4.1182	  5464	0.9475	     0
4.1274	  5270	0.9491	     0
4.1367	  5084	0.9508	     0
4.1460	  4838	0.9524	     0
4.1553	  4666	0.9541	     0
4.1646	  4467	0.9558	     0
4.1738	  4077	0.9574	     1
4.1831	  3772	0.9591	     0
4.1924	  3484	0.9607	     0
4.2017	  3145	0.9624	     0
4.2109	  2846	0.9641	     0
4.2202	  2654	0.9657	     0
4.2295	  2346	0.9674	     0
4.2388	  2087	0.9690	     0
4.2480	  1813	0.9707	     0
4.2573	  1634	0.9724	     1
4.2666	  1362	0.9740	     0
4.2759	  1111	0.9757	     0
4.2852	  1046	0.9773	     0
4.2944	   882	0.9790	     0
4.3037	   667	0.9807	     0
4.3130	   604	0.9823	     0
4.3223	   485	0.9840	     0
4.3315	   386	0.9856	     0
4.3408	   309	0.9873	     0
4.3501	   250	0.9890	     1
4.3594	   218	0.9906	     1
4.3687	   167	0.9923	     0
4.3779	   160	0.9939	     1
4.3872	   119	0.9956	     0
4.3965	    75	0.9973	     2
4.4058	    95	0.9989	     0
4.4150	    62	1.0006	     0
4.4243	    53	1.0022	     0
4.4336	    55	1.0039	     0
4.4429	    44	1.0056	     1
4.4521	    30	1.0072	     1
4.4614	    33	1.0089	     0
4.4707	    26	1.0105	     1
4.4800	    27	1.0122	     0
4.4893	    23	1.0139	     0
4.4985	    21	1.0155	     0
4.5078	    14	1.0172	     0
4.5171	    20	1.0188	     1
4.5264	    18	1.0205	     0
4.5356	    31	1.0222	     0
4.5449	    21	1.0238	     1
4.5542	    30	1.0255	     1
4.5635	    29	1.0271	     0
4.5728	    30	1.0288	     0
4.5820	    26	1.0305	     1
4.5913	    31	1.0321	     0
4.6006	    46	1.0338	     1
4.6099	    44	1.0354	     1
4.6191	    43	1.0371	     0
4.6284	    61	1.0388	     0
4.6377	    43	1.0404	     0
4.6470	    34	1.0421	     0
4.6563	    43	1.0438	     0
4.6655	    43	1.0454	     0
4.6748	    43	1.0471	     0
4.6841	    50	1.0487	     0
4.6934	    57	1.0504	     1
4.7026	    50	1.0521	     0
4.7119	    54	1.0537	     1
4.7212	    51	1.0554	     0
4.7305	    41	1.0570	     1
4.7397	    32	1.0587	     2
4.7490	    37	1.0604	     0
4.7583	    55	1.0620	     0
4.7676	    42	1.0637	     0
4.7769	    48	1.0653	     1
4.7861	    48	1.0670	     0
4.7954	    38	1.0687	     0
4.8047	    29	1.0703	     0
4.8140	    33	1.0720	     0
4.8232	    32	1.0736	     0
4.8325	    33	1.0753	     1
4.8418	    25	1.0770	     1
4.8511	    30	1.0786	     0
4.8604	    32	1.0803	     0
4.8696	    28	1.0819	     1
4.8789	    25	1.0836	     0
4.8882	    23	1.0853	     0
4.8975	    13	1.0869	     1
4.9067	    20	1.0886	     0
4.9160	    13	1.0902	     0
4.9253	    15	1.0919	     0
4.9346	    11	1.0936	     2
4.9438	    14	1.0952	     1
4.9531	    11	1.0969	     0
4.9624	    15	1.0985	     2
4.9717	    18	1.1002	     1
4.9810	    17	1.1019	     0
4.9902	    14	1.1035	     0
4.9995	    14	1.1052	     0
5.0088	    11	1.1068	     0
5.0181	    14	1.1085	     0
5.0273	    10	1.1102	     0
5.0366	     9	1.1118	     1
5.0459	     9	1.1135	     1
5.0552	    15	1.1151	     0
5.0645	    10	1.1168	     0
5.0737	    13	1.1185	     0
5.0830	    10	1.1201	     0
5.0923	    10	1.1218	     0
5.1016	     5	1.1234	     0
5.1108	     5	1.1251	     0
5.1201	     8	1.1268	     1
5.1294	     7	1.1284	     2
5.1387	    16	1.1301	     0
5.1479	    12	1.1317	     0
5.1572	     7	1.1334	     1
5.1665	    15	1.1351	     0
5.1758	     7	1.1367	     1
5.1851	     6	1.1384	     0
5.1943	     4	1.1400	     2
5.2036	     7	1.1417	     0
5.2129	     9	1.1434	     1
5.2222	     4	1.1450	     0
5.2314	     8	1.1467	     0
5.2407	     9	1.1483	     0
5.2500	     7	1.1500	     0
5.2593	     8	1.1517	     1
5.2686	     9	1.1533	     0
5.2778	     3	1.1550	     0
5.2871	    11	1.1566	     0
5.2964	     5	1.1583	     0
5.3057	     9	1.1600	     0
5.3149	    15	1.1616	     1
5.3242	     9	1.1633	     0
5.3335	    11	1.1649	     0
5.3428	     9	1.1666	     0
5.3521	     8	1.1683	     0
5.3613	     7	1.1699	     0
5.3706	     9	1.1716	     0
5.3799	     9	1.1732	     0
5.3892	     8	1.1749	     0
5.3984	     5	1.1766	     0
5.4077	     9	1.1782	     0
5.4170	     4	1.1799	     0
5.4263	     9	1.1815	     0
5.4355	     6	1.1832	     2
5.4448	    10	1.1849	     0
5.4541	    10	1.1865	     0
5.4634	     4	1.1882	     0
5.4727	     4	1.1898	     2
5.4819	     7	1.1915	     0
5.4912	     6	1.1932	     0
5.5005	    10	1.1948	     0
5.5098	    11	1.1965	     0
5.5190	     5	1.1981	     0
5.5283	     7	1.1998	     0
5.5376	    10	1.2015	     0
5.5469	    10	1.2031	     0
5.5562	    10	1.2048	     0
5.5654	    11	1.2064	     0
5.5747	     6	1.2081	     0
5.5840	    10	1.2098	     1
5.5933	     8	1.2114	     1
5.6025	     9	1.2131	     0
5.6118	    11	1.2147	     1
5.6211	     7	1.2164	     0
5.6304	     9	1.2181	     0
5.6396	    12	1.2197	     0
5.6489	     6	1.2214	     0
5.6582	     9	1.2230	     0
5.6675	    11	1.2247	     0
5.6768	     6	1.2264	     0
5.6860	     9	1.2280	     0
5.6953	     7	1.2297	     1
5.7046	     9	1.2313	     0
5.7139	     8	1.2330	     0
5.7231	    11	1.2347	     0
5.7324	     7	1.2363	     1
5.7417	     5	1.2380	     0
5.7510	    10	1.2396	     0
5.7603	     8	1.2413	     1
5.7695	     9	1.2430	     0
5.7788	     3	1.2446	     0
5.7881	    14	1.2463	     0
5.7974	     6	1.2479	     0
5.8066	    10	1.2496	     0
5.8159	    13	1.2513	     0
5.8252	     7	1.2529	     0
5.8345	    11	1.2546	     0
5.8438	    10	1.2562	     0
5.8530	     9	1.2579	     0
5.8623	    12	1.2596	     1
5.8716	    13	1.2612	     0
5.8809	    13	1.2629	     0
5.8901	     6	1.2646	     1
5.8994	    12	1.2662	     1
5.9087	    12	1.2679	     0
5.9180	     6	1.2695	     0
5.9272	     7	1.2712	     0
5.9365	    13	1.2729	     0
5.9458	    11	1.2745	     2
5.9551	     7	1.2762	     1
5.9644	     3	1.2778	     0
5.9736	     5	1.2795	     0
5.9829	     6	1.2812	     0
5.9922	    11	1.2828	     0
6.0015	     5	1.2845	     0
6.0107	     9	1.2861	     0
6.0200	     5	1.2878	     0
6.0293	     5	1.2895	     0
6.0386	     7	1.2911	     0
6.0479	     3	1.2928	     1
6.0571	     5	1.2944	     0
6.0664	     5	1.2961	     0
6.0757	     5	1.2978	     0
6.0850	     2	1.2994	     0
6.0942	     3	1.3011	     0
6.1035	     1	1.3027	     0
6.1128	     5	1.3044	     0
6.1221	     6	1.3061	     0
6.1313	     4	1.3077	     2
6.1406	     1	1.3094	     0
6.1499	     7	1.3110	     0
6.1592	     3	1.3127	     0
6.1685	     3	1.3144	     0
6.1777	     5	1.3160	     1
6.1870	     4	1.3177	     1
6.1963	     1	1.3193	     0
6.2056	     2	1.3210	     0
6.2148	     1	1.3227	     0
6.2241	     4	1.3243	     0
6.2334	     4	1.3260	     0
6.2427	     5	1.3276	     1
6.2520	     6	1.3293	     0
6.2612	     5	1.3310	     0
6.2705	     2	1.3326	     0
6.2798	     3	1.3343	     0
6.2891	     0	1.3359	     0
6.2983	     5	1.3376	     1
6.3076	     4	1.3393	     1
6.3169	     1	1.3409	     1
6.3262	     4	1.3426	     1
6.3354	     1	1.3442	     0
6.3447	     1	1.3459	     1
6.3540	     4	1.3476	     0
6.3633	     1	1.3492	     0
6.3726	     0	1.3509	     0
6.3818	     3	1.3525	     0
6.3911	     1	1.3542	     0
6.4004	     2	1.3559	     0
6.4097	     1	1.3575	     0
6.4189	    10	1.3592	     1
6.4282	     1	1.3608	     0
6.4375	     1	1.3625	     1
6.4468	     1	1.3642	     0
6.4561	     0	1.3658	     0
6.4653	     2	1.3675	     0
6.4746	     1	1.3691	     0
6.4839	     2	1.3708	     0
6.4932	     2	1.3725	     0
6.5024	     0	1.3741	     0
6.5117	     4	1.3758	     0
6.5210	     2	1.3774	     0
6.5303	     1	1.3791	     1
6.5396	     4	1.3808	     1
6.5488	     1	1.3824	     0
6.5581	     4	1.3841	     1
6.5674	     0	1.3857	     0
6.5767	     2	1.3874	     0
6.5859	     0	1.3891	     0
6.5952	     3	1.3907	     0
6.6045	     2	1.3924	     0
6.6138	     1	1.3940	     0
6.6230	     3	1.3957	     0
6.6323	     2	1.3974	     0
6.6416	     3	1.3990	     0
6.6509	     1	1.4007	     0
6.6602	     3	1.4023	     1
6.6694	     5	1.4040	     0
6.6787	     2	1.4057	     1
6.6880	     2	1.4073	     0
6.6973	     1	1.4090	     0
6.7065	     1	1.4106	     0
6.7158	     2	1.4123	     0
6.7251	     4	1.4140	     0
6.7344	     5	1.4156	     1
6.7437	     0	1.4173	     0
6.7529	     3	1.4189	     0
6.7622	     2	1.4206	     0
6.7715	     5	1.4223	     0
6.7808	     2	1.4239	     0
6.7900	     3	1.4256	     0
6.7993	     1	1.4272	     0
6.8086	     2	1.4289	     2
6.8179	     2	1.4306	     1
6.8271	     1	1.4322	     1
6.8364	     2	1.4339	     1
6.8457	     2	1.4355	     0
6.8550	     3	1.4372	     0
6.8643	     3	1.4389	     0
6.8735	     6	1.4405	     0
6.8828	     5	1.4422	     0
6.8921	     5	1.4438	     0
6.9014	     6	1.4455	     1
6.9106	     5	1.4472	     0
6.9199	     3	1.4488	     0
6.9292	     2	1.4505	     1
6.9385	     3	1.4521	     1
6.9478	     2	1.4538	     0
6.9570	     3	1.4555	     0
6.9663	     6	1.4571	     0
6.9756	     2	1.4588	     0
6.9849	     2	1.4604	     0
6.9941	     2	1.4621	     0
7.0034	     4	1.4638	     0
7.0127	     3	1.4654	     2
7.0220	     6	1.4671	     0
7.0313	     1	1.4688	     0
7.0405	     4	1.4704	     1
7.0498	     2	1.4721	     0
7.0591	     2	1.4737	     0
7.0684	     3	1.4754	     0
7.0776	     3	1.4771	     0
7.0869	     0	1.4787	     0
7.0962	     5	1.4804	     1
7.1055	     1	1.4820	     0
7.1147	     5	1.4837	     0
7.1240	     2	1.4854	     0
7.1333	     3	1.4870	     1
7.1426	     5	1.4887	     0
7.1519	     2	1.4903	     0
7.1611	     4	1.4920	     0
7.1704	     3	1.4937	     0
7.1797	     1	1.4953	     0
7.1890	     3	1.4970	     0
7.1982	     2	1.4986	     0
7.2075	     2	1.5003	     0
7.2168	     2	1.5020	     1
7.2261	     3	1.5036	     0
7.2354	     1	1.5053	     0
7.2446	     2	1.5069	     0
7.2539	     1	1.5086	     0
7.2632	     1	1.5103	     0
7.2725	     2	1.5119	     0
7.2817	     1	1.5136	     0
7.2910	     4	1.5152	     0
7.3003	     2	1.5169	     0
7.3096	     1	1.5186	     0
7.3188	     3	1.5202	     0
7.3281	     1	1.5219	     0
7.3374	     6	1.5235	     0
7.3467	     3	1.5252	     0
7.3560	     1	1.5269	     1
7.3652	     2	1.5285	     0
7.3745	     2	1.5302	     0
7.3838	     3	1.5318	     0
7.3931	     3	1.5335	     0
7.4023	     1	1.5352	     0
7.4116	     2	1.5368	     1
7.4209	     2	1.5385	     1
7.4302	     3	1.5401	     1
7.4395	     1	1.5418	     1
7.4487	     2	1.5435	     0
7.4580	     3	1.5451	     0
7.4673	     1	1.5468	     0
7.4766	     0	1.5484	     0
7.4858	     3	1.5501	     1
7.4951	     1	1.5518	     0
7.5044	     1	1.5534	     0
7.5137	     2	1.5551	     0
7.5229	     1	1.5567	     0
7.5322	     1	1.5584	     0
7.5415	     1	1.5601	     0
7.5508	     0	1.5617	     0
7.5601	     5	1.5634	     1
7.5693	     1	1.5650	     0
7.5786	     3	1.5667	     0
7.5879	     2	1.5684	     0
7.5972	     1	1.5700	     1
7.6064	     0	1.5717	     0
7.6157	     2	1.5733	     0
7.6250	     0	1.5750	     0
7.6343	     0	1.5767	     0
7.6436	     0	1.5783	     0
7.6528	     3	1.5800	     1
7.6621	     1	1.5816	     0
7.6714	     1	1.5833	     0
7.6807	     3	1.5850	     0
7.6899	     0	1.5866	     0
7.6992	     0	1.5883	     0
7.7085	     1	1.5899	     0
7.7178	     2	1.5916	     0
7.7271	     0	1.5933	     0
7.7363	     1	1.5949	     1
7.7456	     1	1.5966	     0
7.7549	     0	1.5982	     0
7.7642	     3	1.5999	     0
7.7734	     2	1.6016	     0
7.7827	     2	1.6032	     0
7.7920	     0	1.6049	     0
7.8013	     0	1.6065	     1
7.8105	     0	1.6082	     0
7.8198	     2	1.6099	     0
7.8291	     2	1.6115	     0
7.8384	     3	1.6132	     0
7.8477	     1	1.6148	     0
7.8569	     2	1.6165	     0
7.8662	     3	1.6182	     0
7.8755	     0	1.6198	     0
7.8848	     1	1.6215	     0
7.8940	     1	1.6231	     0
7.9033	     2	1.6248	     1
7.9126	     2	1.6265	     0
7.9219	     1	1.6281	     0
7.9312	     1	1.6298	     0
7.9404	     1	1.6314	     0
7.9497	     0	1.6331	     0
7.9590	     2	1.6348	     0
7.9683	     0	1.6364	     0
7.9775	     2	1.6381	     0
7.9868	     1	1.6397	     0
7.9961	     0	1.6414	     0
8.0054	     0	1.6431	     2
8.0146	     1	1.6447	     2
8.0239	     1	1.6464	     0
8.0332	     1	1.6480	     0
8.0425	     2	1.6497	     0
8.0518	     1	1.6514	     1
8.0610	     1	1.6530	     0
8.0703	     1	1.6547	     0
8.0796	     0	1.6563	     0
8.0889	     1	1.6580	     0
8.0981	     1	1.6597	     0
8.1074	     2	1.6613	     0
8.1167	     1	1.6630	     0
8.1260	     4	1.6646	     0
8.1353	     2	1.6663	     0
8.1445	     0	1.6680	     1
8.1538	     1	1.6696	     0
8.1631	     1	1.6713	     0
8.1724	     1	1.6729	     1
8.1816	     2	1.6746	     1
8.1909	     4	1.6763	     0
8.2002	     2	1.6779	     0
8.2095	     2	1.6796	     0
8.2188	     3	1.6812	     0
8.2280	     7	1.6829	     0
8.2373	     3	1.6846	     1
8.2466	     3	1.6862	     0
8.2559	     4	1.6879	     1
8.2651	     4	1.6896	     1
8.2744	     2	1.6912	     0
8.2837	     4	1.6929	     1
8.2930	     8	1.6945	     0
8.3022	     3	1.6962	     0
8.3115	     4	1.6979	     0
8.3208	     6	1.6995	     1
8.3301	     7	1.7012	     0
8.3394	     4	1.7028	     0
8.3486	     3	1.7045	     0
8.3579	     2	1.7062	     1
8.3672	     3	1.7078	     2
8.3765	     7	1.7095	     0
8.3857	     3	1.7111	     0
8.3950	     5	1.7128	     0
8.4043	     2	1.7145	     0
8.4136	     1	1.7161	     0
8.4229	     0	1.7178	     0
8.4321	     3	1.7194	     1
8.4414	     1	1.7211	     0
8.4507	     2	1.7228	     0
8.4600	     5	1.7244	     0
8.4692	     1	1.7261	     1
8.4785	     2	1.7277	     1
8.4878	     2	1.7294	     0
8.4971	     3	1.7311	     1
8.5063	     4	1.7327	     0
8.5156	     1	1.7344	     1
8.5249	     1	1.7360	     2
8.5342	     0	1.7377	     0
8.5435	     1	1.7394	     0
8.5527	     2	1.7410	     0
8.5620	     1	1.7427	     1
8.5713	     0	1.7443	     0
8.5806	     0	1.7460	     0
8.5898	     0	1.7477	     0
8.5991	     1	1.7493	     0
8.6084	     1	1.7510	     0
8.6177	     0	1.7526	     2
8.6270	     1	1.7543	     2
8.6362	     1	1.7560	     1
8.6455	     1	1.7576	     1
8.6548	     0	1.7593	     0
8.6641	     2	1.7609	     0
8.6733	     0	1.7626	     0
8.6826	     1	1.7643	     0
8.6919	     0	1.7659	     0
8.7012	     0	1.7676	     1
8.7104	     0	1.7692	     0
8.7197	     0	1.7709	     0
8.7290	     1	1.7726	     0
8.7383	     1	1.7742	     1
8.7476	     1	1.7759	     1
8.7568	     0	1.7775	     0
8.7661	     1	1.7792	     0
8.7754	     0	1.7809	     0
8.7847	     0	1.7825	     1
8.7939	     0	1.7842	     1
8.8032	     0	1.7858	     0
8.8125	     1	1.7875	     0
8.8218	     0	1.7892	     1
8.8311	     0	1.7908	     0
8.8403	     0	1.7925	     2
8.8496	     0	1.7941	     0
8.8589	     0	1.7958	     0
8.8682	     0	1.7975	     2
8.8774	     0	1.7991	     0
8.8867	     0	1.8008	     0
8.8960	     0	1.8024	     0
8.9053	     0	1.8041	     0
8.9146	     0	1.8058	     0
8.9238	     0	1.8074	     0
8.9331	     1	1.8091	     0
8.9424	     1	1.8107	     1
8.9517	     0	1.8124	     1
8.9609	     0	1.8141	     0
8.9702	     0	1.8157	     0
8.9795	     0	1.8174	     0
8.9888	     0	1.8190	     2
8.9980	     0	1.8207	     1
9.0073	     0	1.8224	     0
9.0166	     0	1.8240	     0
9.0259	     1	1.8257	     0
9.0352	     0	1.8273	     0
9.0444	     1	1.8290	     1
9.0537	     0	1.8307	     1
9.0630	     0	1.8323	     1
9.0723	     0	1.8340	     0
9.0815	     1	1.8356	     0
9.0908	     0	1.8373	     0
9.1001	     0	1.8390	     0
9.1094	     1	1.8406	     0
9.1187	     0	1.8423	     1
9.1279	     0	1.8439	     2
9.1372	     0	1.8456	     0
9.1465	     0	1.8473	     0
9.1558	     0	1.8489	     0
9.1650	     0	1.8506	     0
9.1743	     0	1.8522	     1
9.1836	     0	1.8539	     0
9.1929	     0	1.8556	     1
9.2021	     0	1.8572	     0
9.2114	     0	1.8589	     1
9.2207	     1	1.8605	     1
9.2300	     0	1.8622	     1
9.2393	     0	1.8639	     0
9.2485	     0	1.8655	     0
9.2578	     0	1.8672	     0
9.2671	     0	1.8688	     0
9.2764	     0	1.8705	     1
9.2856	     0	1.8722	     0
9.2949	     0	1.8738	     0
9.3042	     0	1.8755	     1
9.3135	     0	1.8771	     1
9.3228	     0	1.8788	     0
9.3320	     0	1.8805	     0
9.3413	     0	1.8821	     1
9.3506	     1	1.8838	     0
9.3599	     0	1.8854	     0
9.3691	     0	1.8871	     1
9.3784	     0	1.8888	     0
9.3877	     0	1.8904	     0
9.3970	     0	1.8921	     0
9.4063	     1	1.8938	     0
9.4155	     0	1.8954	     0
9.4248	     0	1.8971	     0
9.4341	     1	1.8987	     0
9.4434	     0	1.9004	     1
9.4526	     0	1.9021	     1
9.4619	     0	1.9037	     0
9.4712	     0	1.9054	     0
9.4805	     0	1.9070	     0
9.4897	     0	1.9087	     0
9.4990	     0	1.9104	     1
9.5083	     0	1.9120	     0
9.5176	     0	1.9137	     0
9.5269	     0	1.9153	     0
9.5361	     0	1.9170	     0
9.5454	     0	1.9187	     1
9.5547	     0	1.9203	     0
9.5640	     1	1.9220	     0
9.5732	     1	1.9236	     0
9.5825	     1	1.9253	     0
9.5918	     0	1.9270	     0
9.6011	     0	1.9286	     0
9.6104	     0	1.9303	     0
9.6196	     1	1.9319	     0
9.6289	     1	1.9336	     0
9.6382	     0	1.9353	     1
9.6475	     1	1.9369	     0
9.6567	     0	1.9386	     0
9.6660	     0	1.9402	     0
9.6753	     0	1.9419	     0
9.6846	     0	1.9436	     0
9.6938	     1	1.9452	     1
9.7031	     0	1.9469	     0
9.7124	     0	1.9485	     0
9.7217	     0	1.9502	     0
9.7310	     0	1.9519	     0
9.7402	     0	1.9535	     0
9.7495	     0	1.9552	     0
9.7588	     0	1.9568	     0
9.7681	     1	1.9585	     0
9.7773	     0	1.9602	     0
9.7866	     0	1.9618	     0
9.7959	     0	1.9635	     0
9.8052	     0	1.9651	     1
9.8145	     1	1.9668	     0
9.8237	     0	1.9685	     0
9.8330	     0	1.9701	     0
9.8423	     0	1.9718	     0
9.8516	     0	1.9734	     0
9.8608	     0	1.9751	     0
9.8701	     0	1.9768	     0
9.8794	     0	1.9784	     0
9.8887	     0	1.9801	     0
9.8979	     0	1.9817	     0
9.9072	     0	1.9834	     0
9.9165	     0	1.9851	     0
9.9258	     1	1.9867	     0
9.9351	     1	1.9884	     0
9.9443	     1	1.9900	     0
9.9536	     0	1.9917	     0
9.9629	     0	1.9934	     0
9.9722	     0	1.9950	     0
9.9814	     0	1.9967	     0
9.9907	     0	1.9983	     0
